
-,-,-
352.0,183.0,977.0
368.0,214.0,970.0
374.0,240.0,945.0
312.0,264.0,913.0
62.0,196.0,881.0
-186.0,158.0,911.0
-286.0,100.0,988.0
-326.0,132.0,931.0
-286.0,135.0,888.0
-215.0,145.0,777.0
-67.0,143.0,647.0
82.0,158.0,567.0
-69.0,108.0,600.0
-28.0,60.0,676.0
-62.0,3.0,868.0
61.0,-51.0,1115.0
47.0,-83.0,1285.0
-103.0,-280.0,1609.0
-113.0,-253.0,1553.0
-134.0,-172.0,1349.0
-347.0,-62.0,1016.0
-559.0,-52.0,798.0
-534.0,-133.0,837.0
-206.0,-254.0,1034.0
343.0,-177.0,1034.0
727.0,-57.0,987.0
720.0,-33.0,916.0
491.0,-25.0,965.0
244.0,-109.0,1112.0
27.0,-110.0,1268.0
-20.0,-132.0,1388.0
-17.0,-76.0,1311.0
59.0,51.0,1072.0
131.0,-58.0,1101.0
62.0,0.0,797.0
5.0,56.0,631.0
34.0,62.0,532.0
20.0,70.0,580.0
40.0,42.0,760.0

-,-,-
107.0,657.0,1133.0
174.0,119.0,940.0
354.0,88.0,1031.0
436.0,139.0,1016.0
471.0,125.0,1035.0
179.0,106.0,979.0
-141.0,123.0,870.0
-426.0,100.0,958.0
-498.0,68.0,972.0
-428.0,76.0,958.0
-300.0,89.0,870.0
-75.0,90.0,830.0
60.0,116.0,676.0
21.0,173.0,528.0
59.0,132.0,529.0
41.0,80.0,733.0
5.0,-12.0,984.0
62.0,-99.0,1259.0
-89.0,-152.0,1351.0
-10.0,-204.0,1384.0
-80.0,-189.0,1315.0
-213.0,-214.0,1168.0
-474.0,-226.0,993.0
-281.0,-220.0,1065.0
-252.0,-235.0,1040.0
-160.0,-206.0,957.0
146.0,-110.0,878.0
338.0,-57.0,886.0
513.0,-38.0,985.0
504.0,-23.0,1102.0
298.0,-81.0,1243.0
28.0,-225.0,1486.0
-135.0,-203.0,1391.0
-95.0,-64.0,1165.0
-18.0,-13.0,981.0
75.0,8.0,813.0
67.0,69.0,595.0
86.0,84.0,558.0
-43.0,52.0,608.0

-,-,-
410.0,-39.0,1145.0
413.0,113.0,958.0
461.0,107.0,1003.0
306.0,76.0,999.0
84.0,56.0,941.0
-213.0,60.0,913.0
-369.0,105.0,905.0
-474.0,46.0,907.0
-421.0,33.0,904.0
-253.0,41.0,813.0
-46.0,60.0,670.0
76.0,128.0,528.0
45.0,139.0,531.0
-48.0,20.0,688.0
-64.0,-107.0,968.0
-41.0,-229.0,1289.0
5.0,-266.0,1473.0
-132.0,-371.0,1493.0
-178.0,-373.0,1429.0
-330.0,-263.0,1087.0
-444.0,-244.0,937.0
-369.0,-272.0,937.0
-138.0,-255.0,917.0
109.0,-205.0,878.0
433.0,-137.0,920.0
541.0,-119.0,969.0
557.0,-117.0,1072.0
271.0,-177.0,1213.0
95.0,-308.0,1391.0
-76.0,-278.0,1373.0
-84.0,-179.0,1219.0
-17.0,-93.0,1020.0
16.0,-34.0,833.0
90.0,1.0,746.0
109.0,71.0,565.0
41.0,32.0,611.0
36.0,60.0,678.0

-,-,-
378.0,130.0,926.0
475.0,94.0,985.0
395.0,68.0,1005.0
362.0,58.0,1039.0
22.0,64.0,943.0
-316.0,55.0,878.0
-466.0,9.0,981.0
-527.0,20.0,956.0
-485.0,12.0,911.0
-277.0,-16.0,904.0
-41.0,47.0,716.0
127.0,80.0,555.0
40.0,121.0,427.0
-14.0,36.0,573.0
-116.0,-99.0,848.0
-44.0,-189.0,1246.0
-7.0,-280.0,1469.0
-32.0,-318.0,1453.0
-145.0,-350.0,1346.0
-324.0,-348.0,1201.0
-388.0,-291.0,1060.0
-442.0,-292.0,917.0
-152.0,-363.0,1008.0
291.0,-272.0,976.0
423.0,-214.0,967.0
444.0,-153.0,939.0
303.0,-180.0,963.0
236.0,-165.0,995.0
105.0,-235.0,1246.0
22.0,-290.0,1459.0
-11.0,-268.0,1430.0
-18.0,-193.0,1223.0
-24.0,-95.0,931.0
33.0,-56.0,729.0
110.0,38.0,523.0
75.0,56.0,477.0
-66.0,28.0,677.0

-,-,-
366.0,62.0,998.0
539.0,152.0,944.0
365.0,81.0,950.0
136.0,21.0,926.0
-69.0,-63.0,1002.0
-363.0,-14.0,930.0
-523.0,-3.0,930.0
-493.0,-22.0,965.0
-323.0,-29.0,950.0
-111.0,13.0,795.0
15.0,34.0,614.0
120.0,104.0,545.0
-77.0,97.0,497.0
-162.0,-31.0,643.0
-53.0,-157.0,893.0
-6.0,-284.0,1161.0
-20.0,-380.0,1384.0
-60.0,-416.0,1492.0
-230.0,-449.0,1434.0
-245.0,-413.0,1278.0
-359.0,-380.0,1099.0
-395.0,-352.0,895.0
-272.0,-304.0,874.0
4.0,-295.0,905.0
139.0,-274.0,921.0
445.0,-240.0,980.0
534.0,-206.0,979.0
453.0,-220.0,1000.0
244.0,-249.0,1065.0
72.0,-256.0,1186.0
69.0,-275.0,1349.0
48.0,-311.0,1405.0
42.0,-234.0,1177.0
125.0,-140.0,892.0
79.0,-105.0,645.0
66.0,45.0,380.0
11.0,26.0,462.0

-,-,-
670.0,23.0,875.0
804.0,88.0,838.0
966.0,34.0,997.0
904.0,42.0,926.0
724.0,11.0,923.0
539.0,28.0,876.0
250.0,111.0,798.0
-1.0,52.0,915.0
-415.0,57.0,961.0
-493.0,27.0,1046.0
-581.0,12.0,1124.0
-335.0,128.0,982.0
-231.0,188.0,837.0
-44.0,166.0,740.0
1.0,122.0,581.0
52.0,155.0,495.0
-23.0,116.0,434.0
-58.0,100.0,413.0
23.0,72.0,472.0
58.0,-105.0,705.0
124.0,-237.0,1083.0
165.0,-410.0,1538.0
37.0,-284.0,1339.0
-68.0,-320.0,1453.0
-86.0,-371.0,1465.0
-84.0,-464.0,1416.0
29.0,-473.0,1390.0
-197.0,-436.0,1133.0
-451.0,-393.0,932.0
-638.0,-339.0,825.0
-414.0,-366.0,875.0
-358.0,-315.0,793.0
-118.0,-333.0,934.0
371.0,-346.0,1025.0
534.0,-253.0,881.0
586.0,-265.0,794.0
708.0,-328.0,935.0
390.0,-326.0,913.0
220.0,-375.0,1014.0
-83.0,-334.0,1037.0
-43.0,-337.0,1172.0
53.0,-282.0,1270.0
94.0,-311.0,1485.0
106.0,-343.0,1461.0
201.0,-289.0,1346.0
232.0,-306.0,1180.0
190.0,-179.0,829.0
33.0,-136.0,702.0
-98.0,-77.0,498.0
0.0,23.0,423.0
62.0,19.0,481.0
27.0,-56.0,646.0

-,-,-
810.0,152.0,872.0
795.0,175.0,869.0
646.0,162.0,823.0
306.0,195.0,830.0
345.0,103.0,891.0
70.0,-76.0,955.0
-291.0,-135.0,1049.0
-583.0,-102.0,1056.0
-510.0,-15.0,1036.0
-445.0,33.0,933.0
-216.0,64.0,876.0
-24.0,83.0,782.0
37.0,13.0,728.0
64.0,9.0,565.0
46.0,150.0,368.0
89.0,115.0,413.0
26.0,85.0,528.0
109.0,-203.0,863.0
54.0,-513.0,1319.0
-51.0,-416.0,1194.0
-143.0,-518.0,1369.0
-133.0,-505.0,1313.0
-149.0,-602.0,1393.0
-173.0,-629.0,1321.0
-167.0,-573.0,1264.0
-182.0,-516.0,1095.0
-266.0,-458.0,904.0
-574.0,-273.0,625.0
-391.0,-342.0,769.0
-256.0,-411.0,833.0
133.0,-415.0,955.0
441.0,-356.0,941.0
543.0,-268.0,864.0
447.0,-252.0,846.0
153.0,-272.0,838.0
191.0,-337.0,875.0
89.0,-361.0,997.0
38.0,-367.0,1144.0
62.0,-382.0,1328.0
-82.0,-505.0,1472.0
-31.0,-490.0,1541.0
43.0,-310.0,1222.0
168.0,-253.0,1066.0
121.0,-161.0,846.0
33.0,-52.0,598.0
40.0,-54.0,491.0
-10.0,-44.0,398.0
-7.0,-85.0,483.0

-,-,-
612.0,60.0,910.0
687.0,101.0,876.0
456.0,131.0,740.0
635.0,36.0,970.0
304.0,-97.0,888.0
52.0,-177.0,1017.0
-437.0,-175.0,977.0
-580.0,-229.0,1121.0
-565.0,-62.0,992.0
-510.0,-21.0,917.0
-208.0,27.0,840.0
57.0,-11.0,821.0
104.0,-69.0,764.0
115.0,47.0,586.0
68.0,66.0,499.0
190.0,96.0,438.0
81.0,-2.0,542.0
46.0,-338.0,942.0
-21.0,-430.0,1201.0
-67.0,-503.0,1326.0
-32.0,-555.0,1423.0
-143.0,-560.0,1411.0
-332.0,-568.0,1293.0
-312.0,-546.0,1206.0
-404.0,-474.0,1008.0
-437.0,-453.0,891.0
-409.0,-456.0,897.0
-323.0,-436.0,829.0
22.0,-374.0,807.0
172.0,-363.0,775.0
725.0,-312.0,830.0
825.0,-278.0,835.0
495.0,-290.0,941.0
263.0,-426.0,1022.0
76.0,-424.0,1154.0
-19.0,-395.0,1300.0
33.0,-415.0,1426.0
30.0,-379.0,1446.0
77.0,-409.0,1342.0
89.0,-345.0,1166.0
43.0,-247.0,837.0
131.0,-79.0,541.0
85.0,-102.0,514.0
23.0,2.0,313.0
-116.0,-20.0,395.0

-,-,-
699.0,-7.0,861.0
862.0,-40.0,1007.0
773.0,-77.0,972.0
563.0,-123.0,956.0
177.0,-219.0,1007.0
-235.0,-156.0,851.0
-604.0,-238.0,981.0
-765.0,-113.0,891.0
-608.0,-68.0,896.0
-383.0,-8.0,817.0
-209.0,-40.0,838.0
-21.0,-73.0,766.0
3.0,-114.0,604.0
53.0,-29.0,427.0
110.0,33.0,378.0
56.0,9.0,474.0
-32.0,-38.0,664.0
-110.0,-579.0,1502.0
-180.0,-684.0,1667.0
-166.0,-652.0,1607.0
-68.0,-545.0,1399.0
-146.0,-414.0,1125.0
-290.0,-403.0,916.0
-522.0,-447.0,875.0
-633.0,-513.0,902.0
-359.0,-514.0,906.0
-250.0,-461.0,843.0
270.0,-362.0,839.0
564.0,-282.0,793.0
739.0,-297.0,835.0
539.0,-321.0,909.0
360.0,-333.0,920.0
123.0,-455.0,1254.0
73.0,-461.0,1375.0
15.0,-454.0,1469.0
-23.0,-438.0,1393.0
27.0,-351.0,1247.0
92.0,-382.0,1140.0
128.0,-259.0,862.0
86.0,-73.0,491.0
83.0,6.0,444.0
63.0,-7.0,318.0
6.0,-140.0,570.0

-,-,-
356.0,38.0,787.0
535.0,20.0,868.0
668.0,-77.0,1038.0
703.0,-137.0,1104.0
431.0,-100.0,876.0
23.0,-159.0,912.0
-420.0,-110.0,896.0
-646.0,-104.0,1005.0
-647.0,-125.0,1050.0
-580.0,-68.0,949.0
-157.0,-65.0,905.0
40.0,-66.0,787.0
79.0,-71.0,661.0
36.0,-7.0,555.0
18.0,35.0,497.0
39.0,-14.0,510.0
-44.0,-101.0,633.0
-38.0,-325.0,1060.0
-32.0,-513.0,1397.0
71.0,-590.0,1588.0
-104.0,-571.0,1524.0
-225.0,-523.0,1317.0
-360.0,-471.0,1089.0
-326.0,-427.0,949.0
-522.0,-417.0,830.0
-498.0,-405.0,836.0
-296.0,-446.0,863.0
27.0,-432.0,854.0
573.0,-367.0,856.0
806.0,-277.0,849.0
653.0,-220.0,792.0
445.0,-333.0,928.0
167.0,-433.0,1104.0
130.0,-492.0,1377.0
117.0,-427.0,1489.0
65.0,-391.0,1397.0
106.0,-413.0,1312.0
74.0,-308.0,937.0
66.0,-193.0,708.0
82.0,-104.0,553.0
59.0,-65.0,428.0
87.0,-82.0,523.0

-,-,-
801.0,1.0,918.0
670.0,20.0,958.0
524.0,43.0,901.0
314.0,-4.0,865.0
-62.0,-18.0,811.0
-315.0,-109.0,893.0
-649.0,-128.0,1027.0
-508.0,-56.0,1049.0
-361.0,37.0,909.0
-205.0,19.0,897.0
-87.0,0.0,761.0
-20.0,2.0,619.0
-86.0,63.0,479.0
-50.0,147.0,403.0
36.0,61.0,418.0
88.0,-138.0,645.0
137.0,-405.0,1172.0
140.0,-515.0,1460.0
94.0,-583.0,1615.0
101.0,-665.0,1675.0
-82.0,-538.0,1350.0
-263.0,-385.0,1060.0
-144.0,-351.0,961.0
-424.0,-340.0,869.0
-279.0,-372.0,916.0
-233.0,-369.0,950.0
-203.0,-396.0,846.0
263.0,-410.0,889.0
598.0,-296.0,764.0
652.0,-257.0,821.0
617.0,-228.0,888.0
444.0,-319.0,973.0
190.0,-386.0,1173.0
98.0,-431.0,1398.0
0.0,-384.0,1467.0
72.0,-402.0,1502.0
119.0,-420.0,1365.0
58.0,-300.0,1032.0
60.0,-132.0,642.0
104.0,-101.0,529.0
49.0,28.0,275.0
34.0,-78.0,452.0

-,-,-
785.0,-57.0,1041.0
671.0,-83.0,1070.0
493.0,-54.0,976.0
215.0,-137.0,1017.0
99.0,-79.0,857.0
-400.0,-156.0,912.0
-569.0,-57.0,848.0
-823.0,-136.0,996.0
-703.0,-84.0,982.0
-531.0,-36.0,929.0
-171.0,-35.0,877.0
108.0,-30.0,708.0
92.0,4.0,447.0
44.0,282.0,236.0
62.0,176.0,284.0
-48.0,-54.0,595.0
7.0,-408.0,1221.0
-111.0,-532.0,1469.0
-90.0,-510.0,1513.0
-18.0,-489.0,1416.0
-105.0,-500.0,1413.0
-305.0,-525.0,1306.0
-382.0,-499.0,1113.0
-424.0,-424.0,901.0
-588.0,-375.0,748.0
-381.0,-359.0,787.0
-193.0,-393.0,880.0
129.0,-417.0,904.0
565.0,-372.0,935.0
598.0,-246.0,891.0
515.0,-264.0,950.0
280.0,-311.0,1013.0
53.0,-396.0,1153.0
-43.0,-427.0,1352.0
-41.0,-442.0,1521.0
-7.0,-399.0,1449.0
62.0,-430.0,1387.0
140.0,-354.0,1085.0
-5.0,-177.0,665.0
-44.0,-26.0,418.0
8.0,-51.0,405.0
-47.0,-72.0,428.0
-7.0,-82.0,588.0
27.0,-132.0,799.0

-,-,-
258.0,-64.0,922.0
398.0,-66.0,1067.0
541.0,-121.0,1093.0
571.0,-135.0,1064.0
430.0,-123.0,1022.0
187.0,-105.0,938.0
-122.0,-111.0,964.0
-380.0,-65.0,912.0
-376.0,-42.0,952.0
-428.0,13.0,923.0
-473.0,41.0,861.0
-353.0,56.0,856.0
-219.0,5.0,888.0
-148.0,-79.0,944.0
-130.0,-58.0,812.0
-171.0,18.0,543.0
-99.0,94.0,379.0
83.0,76.0,311.0
148.0,-35.0,481.0
-60.0,-220.0,698.0
-103.0,-614.0,1283.0
-133.0,-740.0,1555.0
36.0,-768.0,1695.0
-95.0,-631.0,1476.0
-172.0,-496.0,1160.0
-318.0,-487.0,1077.0
-515.0,-421.0,875.0
-493.0,-368.0,816.0
-501.0,-413.0,823.0
-301.0,-468.0,891.0
-28.0,-431.0,811.0
462.0,-364.0,758.0
658.0,-375.0,880.0
559.0,-324.0,874.0
457.0,-361.0,952.0
251.0,-477.0,1203.0
191.0,-569.0,1312.0
25.0,-534.0,1359.0
59.0,-473.0,1333.0
42.0,-403.0,1252.0
245.0,-455.0,1258.0
79.0,-343.0,985.0
-33.0,-173.0,619.0
-13.0,-189.0,540.0
55.0,-77.0,340.0
-19.0,-85.0,366.0

-,-,-
727.0,-103.0,893.0
963.0,-172.0,1078.0
708.0,-208.0,998.0
490.0,-133.0,848.0
-68.0,-56.0,739.0
-592.0,-70.0,872.0
-691.0,-49.0,913.0
-475.0,-55.0,974.0
-350.0,-26.0,943.0
-235.0,-22.0,888.0
-49.0,-30.0,848.0
-9.0,-54.0,726.0
0.0,19.0,494.0
-108.0,104.0,351.0
78.0,16.0,449.0
32.0,-130.0,619.0
-95.0,-404.0,1083.0
-128.0,-569.0,1387.0
-85.0,-571.0,1483.0
-55.0,-541.0,1459.0
-62.0,-532.0,1364.0
-120.0,-482.0,1169.0
-400.0,-477.0,1011.0
-481.0,-443.0,923.0
-438.0,-357.0,752.0
-323.0,-352.0,790.0
-103.0,-388.0,811.0
127.0,-370.0,817.0
383.0,-339.0,852.0
651.0,-328.0,966.0
628.0,-377.0,995.0
304.0,-446.0,1070.0
19.0,-492.0,1176.0
-54.0,-440.0,1243.0
38.0,-401.0,1325.0
75.0,-436.0,1396.0
68.0,-417.0,1259.0
38.0,-334.0,1005.0
86.0,-189.0,670.0
-11.0,-62.0,460.0
-19.0,-47.0,384.0
-25.0,-145.0,500.0
6.0,-208.0,738.0

-,-,-
608.0,59.0,773.0
590.0,-5.0,864.0
656.0,-15.0,865.0
456.0,9.0,818.0
315.0,-36.0,923.0
46.0,-131.0,950.0
-210.0,-139.0,918.0
-651.0,-186.0,974.0
-671.0,-155.0,1031.0
-629.0,-126.0,1016.0
-420.0,-72.0,963.0
-124.0,-56.0,895.0
-16.0,-91.0,819.0
41.0,-78.0,653.0
-114.0,65.0,440.0
-16.0,33.0,483.0
152.0,-56.0,551.0
72.0,-161.0,648.0
17.0,-347.0,961.0
29.0,-538.0,1228.0
94.0,-637.0,1397.0
27.0,-694.0,1411.0
-94.0,-606.0,1288.0
-126.0,-564.0,1133.0
-248.0,-553.0,1025.0
-455.0,-573.0,968.0
-445.0,-477.0,872.0
-473.0,-456.0,777.0
-183.0,-518.0,868.0
153.0,-472.0,819.0
433.0,-449.0,778.0
712.0,-452.0,880.0
654.0,-404.0,928.0
357.0,-424.0,953.0
182.0,-486.0,1107.0
14.0,-491.0,1277.0
95.0,-581.0,1515.0
-30.0,-543.0,1451.0
50.0,-446.0,1261.0
10.0,-429.0,1097.0
44.0,-309.0,839.0
-74.0,-189.0,540.0
12.0,-141.0,437.0
65.0,-41.0,306.0
-4.0,-69.0,440.0

-,-,-
354.0,-61.0,851.0
521.0,-116.0,979.0
712.0,-181.0,1107.0
573.0,-156.0,996.0
312.0,-222.0,1049.0
52.0,-224.0,987.0
-458.0,-124.0,926.0
-518.0,-149.0,982.0
-607.0,-80.0,941.0
-462.0,-2.0,894.0
-314.0,39.0,825.0
-162.0,30.0,816.0
-74.0,-6.0,736.0
-4.0,-15.0,561.0
-44.0,53.0,434.0
63.0,5.0,420.0
47.0,-1.0,480.0
37.0,-115.0,590.0
27.0,-464.0,1144.0
-39.0,-626.0,1417.0
-82.0,-833.0,1725.0
-152.0,-638.0,1451.0
-286.0,-467.0,1171.0
-231.0,-433.0,1050.0
-337.0,-465.0,974.0
-548.0,-449.0,875.0
-481.0,-411.0,768.0
-332.0,-392.0,679.0
-75.0,-398.0,822.0
116.0,-417.0,808.0
558.0,-492.0,1032.0
698.0,-429.0,913.0
685.0,-419.0,931.0
379.0,-459.0,968.0
125.0,-498.0,1060.0
102.0,-593.0,1374.0
1.0,-589.0,1493.0
84.0,-578.0,1520.0
46.0,-509.0,1292.0
49.0,-425.0,1091.0
-69.0,-319.0,748.0
4.0,-183.0,533.0
61.0,-95.0,451.0
160.0,-23.0,366.0
16.0,-28.0,429.0
100.0,-101.0,702.0

-,-,-
819.0,-180.0,1033.0
931.0,-197.0,1115.0
683.0,-265.0,1084.0
197.0,-164.0,969.0
-141.0,-107.0,888.0
-581.0,123.0,694.0
-639.0,78.0,862.0
-588.0,54.0,905.0
-458.0,48.0,917.0
-261.0,96.0,862.0
-89.0,76.0,856.0
-2.0,54.0,770.0
-37.0,6.0,659.0
-45.0,49.0,482.0
-89.0,112.0,416.0
-14.0,118.0,401.0
-61.0,-112.0,558.0
14.0,-370.0,1080.0
42.0,-507.0,1402.0
31.0,-600.0,1661.0
0.0,-499.0,1461.0
-66.0,-453.0,1281.0
-116.0,-439.0,1105.0
-272.0,-371.0,944.0
-310.0,-435.0,981.0
-322.0,-468.0,985.0
-442.0,-366.0,832.0
-474.0,-439.0,924.0
-320.0,-403.0,826.0
81.0,-450.0,845.0
697.0,-436.0,872.0
766.0,-442.0,939.0
531.0,-335.0,926.0
298.0,-317.0,891.0
173.0,-390.0,1007.0
-68.0,-464.0,1207.0
-73.0,-517.0,1401.0
-23.0,-432.0,1413.0
76.0,-442.0,1406.0
104.0,-384.0,1248.0
56.0,-302.0,990.0
46.0,-217.0,734.0
-5.0,-93.0,467.0
10.0,-12.0,286.0
-37.0,-142.0,562.0
58.0,-152.0,630.0

-,-,-
600.0,-275.0,1217.0
658.0,-254.0,1166.0
590.0,-222.0,1136.0
310.0,-137.0,905.0
-294.0,-22.0,667.0
-452.0,-5.0,777.0
-564.0,-6.0,840.0
-418.0,-95.0,1003.0
-387.0,-28.0,942.0
-325.0,88.0,830.0
-203.0,41.0,895.0
-61.0,-49.0,953.0
-40.0,-34.0,834.0
62.0,-54.0,802.0
33.0,-33.0,628.0
-102.0,87.0,372.0
-120.0,54.0,321.0
-86.0,-96.0,446.0
-93.0,-317.0,750.0
-32.0,-585.0,1234.0
93.0,-615.0,1549.0
1.0,-672.0,1577.0
-9.0,-664.0,1519.0
-116.0,-595.0,1329.0
-178.0,-510.0,1093.0
-246.0,-437.0,899.0
-452.0,-390.0,759.0
-542.0,-417.0,782.0
-383.0,-435.0,801.0
-284.0,-475.0,825.0
374.0,-413.0,848.0
742.0,-299.0,899.0
863.0,-356.0,928.0
581.0,-361.0,952.0
291.0,-367.0,897.0
58.0,-435.0,1025.0
5.0,-492.0,1178.0
88.0,-464.0,1286.0
88.0,-437.0,1388.0
129.0,-502.0,1375.0
96.0,-439.0,1210.0
63.0,-295.0,891.0
107.0,-160.0,646.0
93.0,-89.0,492.0
57.0,-30.0,424.0
-33.0,-112.0,487.0
5.0,-238.0,780.0

-,-,-
745.0,-131.0,981.0
587.0,-108.0,972.0
822.0,-208.0,1143.0
552.0,-188.0,1060.0
262.0,-192.0,936.0
-312.0,-74.0,790.0
-680.0,-15.0,756.0
-775.0,-14.0,841.0
-704.0,-35.0,915.0
-500.0,-65.0,975.0
-240.0,-13.0,891.0
-83.0,-22.0,854.0
13.0,-37.0,742.0
20.0,-70.0,609.0
10.0,97.0,374.0
-20.0,53.0,368.0
-35.0,83.0,347.0
-149.0,-152.0,670.0
-137.0,-572.0,1365.0
-179.0,-722.0,1653.0
-237.0,-699.0,1693.0
-277.0,-582.0,1379.0
-361.0,-456.0,1078.0
-388.0,-374.0,927.0
-409.0,-371.0,866.0
-542.0,-374.0,829.0
-431.0,-366.0,833.0
-392.0,-444.0,860.0
63.0,-477.0,826.0
509.0,-412.0,878.0
645.0,-388.0,955.0
646.0,-388.0,1033.0
372.0,-347.0,980.0
89.0,-459.0,1145.0
-122.0,-495.0,1287.0
-92.0,-436.0,1429.0
62.0,-482.0,1472.0
56.0,-397.0,1250.0
23.0,-355.0,1044.0
-28.0,-195.0,700.0
-28.0,-97.0,467.0
-21.0,-57.0,381.0
-27.0,-95.0,373.0
41.0,-182.0,669.0

-,-,-
884.0,-176.0,952.0
728.0,-131.0,922.0
376.0,-137.0,870.0
-230.0,-47.0,788.0
-458.0,-28.0,808.0
-672.0,-86.0,963.0
-505.0,-67.0,1028.0
-564.0,17.0,884.0
-361.0,19.0,909.0
-128.0,-5.0,897.0
42.0,-56.0,881.0
79.0,-38.0,686.0
44.0,6.0,488.0
-102.0,90.0,360.0
-144.0,79.0,305.0
-6.0,-182.0,600.0
39.0,-348.0,936.0
-73.0,-595.0,1414.0
-196.0,-708.0,1667.0
-171.0,-562.0,1515.0
-46.0,-485.0,1289.0
-37.0,-475.0,1139.0
-127.0,-453.0,960.0
-489.0,-420.0,887.0
-501.0,-554.0,943.0
-683.0,-504.0,977.0
-394.0,-458.0,876.0
-342.0,-454.0,768.0
355.0,-462.0,835.0
691.0,-354.0,902.0
766.0,-246.0,852.0
555.0,-333.0,987.0
247.0,-432.0,1048.0
-92.0,-541.0,1269.0
-131.0,-461.0,1307.0
4.0,-444.0,1458.0
109.0,-517.0,1534.0
42.0,-405.0,1224.0
12.0,-352.0,1036.0
-66.0,-171.0,688.0
58.0,-100.0,566.0
110.0,0.0,355.0
11.0,-121.0,413.0
-75.0,-136.0,528.0

-,-,-
156.0,43.0,596.0
207.0,21.0,446.0
59.0,22.0,167.0
116.0,-73.0,328.0
-33.0,-235.0,543.0
28.0,-399.0,1078.0
1.0,-553.0,1562.0
71.0,-597.0,1662.0
-23.0,-504.0,1485.0
-195.0,-491.0,1253.0
-145.0,-455.0,1127.0
-15.0,-514.0,1080.0
380.0,-478.0,1096.0
530.0,-397.0,1003.0
706.0,-421.0,1085.0
365.0,-488.0,988.0
-232.0,-446.0,764.0
-782.0,-274.0,556.0
-928.0,-308.0,630.0
-720.0,-379.0,803.0
-459.0,-383.0,898.0
-293.0,-345.0,993.0
-222.0,-327.0,1138.0
-233.0,-286.0,1304.0
-199.0,-452.0,1470.0
-132.0,-476.0,1395.0
-135.0,-396.0,1174.0
-21.0,-373.0,1021.0
45.0,-239.0,724.0
0.0,-75.0,537.0
22.0,-18.0,356.0
-40.0,-157.0,583.0
53.0,-177.0,625.0
-83.0,-186.0,845.0
-115.0,-32.0,837.0
-174.0,-133.0,1041.0
-279.0,-164.0,1096.0
-625.0,-116.0,977.0
-783.0,-89.0,883.0
-227.0,-127.0,1030.0
372.0,-84.0,910.0
693.0,6.0,964.0
676.0,6.0,935.0
312.0,-108.0,952.0
338.0,-234.0,1062.0
93.0,-254.0,1112.0

-,-,-
15.0,-41.0,486.0
42.0,-17.0,339.0
116.0,-1.0,344.0
-68.0,-112.0,419.0
-14.0,-234.0,808.0
-223.0,-450.0,1183.0
92.0,-771.0,1953.0
35.0,-605.0,1739.0
55.0,-529.0,1589.0
-81.0,-529.0,1336.0
-38.0,-441.0,1073.0
116.0,-369.0,882.0
393.0,-342.0,842.0
767.0,-360.0,964.0
508.0,-350.0,868.0
50.0,-421.0,839.0
-533.0,-408.0,825.0
-688.0,-316.0,746.0
-406.0,-448.0,1046.0
-493.0,-429.0,895.0
-625.0,-421.0,908.0
-584.0,-316.0,854.0
-323.0,-361.0,1046.0
-195.0,-345.0,1324.0
-68.0,-391.0,1484.0
1.0,-521.0,1459.0
-54.0,-372.0,1143.0
-72.0,-319.0,915.0
-79.0,-233.0,610.0
-66.0,4.0,248.0
41.0,-21.0,305.0
83.0,-103.0,501.0
85.0,-72.0,709.0
-89.0,-164.0,953.0
-218.0,-223.0,1144.0
-296.0,-230.0,1190.0
-534.0,-164.0,1099.0
-759.0,-161.0,908.0
-331.0,-203.0,984.0
156.0,-131.0,894.0
575.0,-30.0,905.0
639.0,43.0,817.0
612.0,-62.0,996.0
370.0,-164.0,1055.0

-,-,-
110.0,36.0,648.0
133.0,84.0,592.0
156.0,53.0,476.0
96.0,-89.0,526.0
-6.0,-308.0,636.0
-1.0,-212.0,578.0
20.0,-314.0,1035.0
-205.0,-321.0,1395.0
-97.0,-610.0,1911.0
-55.0,-526.0,1649.0
68.0,-366.0,1253.0
29.0,-358.0,1032.0
103.0,-368.0,937.0
472.0,-365.0,941.0
553.0,-297.0,867.0
524.0,-339.0,922.0
99.0,-438.0,934.0
-210.0,-292.0,703.0
-465.0,-414.0,836.0
-784.0,-513.0,904.0
-672.0,-463.0,950.0
-605.0,-353.0,868.0
-360.0,-365.0,970.0
-196.0,-316.0,1141.0
-160.0,-330.0,1363.0
-147.0,-462.0,1530.0
-63.0,-555.0,1475.0
-157.0,-377.0,1124.0
-68.0,-311.0,870.0
113.0,-192.0,544.0
-5.0,-104.0,411.0
28.0,-3.0,274.0
18.0,-101.0,520.0
25.0,-92.0,740.0
-65.0,-114.0,944.0
-236.0,-219.0,1081.0
-409.0,-229.0,1131.0
-535.0,-191.0,1020.0
-559.0,-177.0,912.0
-346.0,-228.0,968.0
79.0,-81.0,933.0
464.0,95.0,813.0
580.0,60.0,865.0
479.0,-40.0,1017.0
265.0,-68.0,970.0
209.0,-202.0,1125.0
170.0,-185.0,1103.0

-,-,-
208.0,-18.0,376.0
216.0,52.0,479.0
176.0,57.0,433.0
-25.0,-99.0,553.0
29.0,-125.0,595.0
13.0,-251.0,866.0
-94.0,-247.0,1100.0
-122.0,-467.0,1520.0
-126.0,-522.0,1683.0
-22.0,-483.0,1537.0
24.0,-491.0,1405.0
126.0,-388.0,1094.0
210.0,-312.0,894.0
390.0,-304.0,828.0
560.0,-326.0,897.0
444.0,-352.0,892.0
40.0,-293.0,729.0
-534.0,-280.0,657.0
-889.0,-396.0,838.0
-981.0,-482.0,921.0
-655.0,-463.0,1051.0
-541.0,-374.0,1091.0
-299.0,-288.0,1304.0
-231.0,-335.0,1409.0
-95.0,-503.0,1469.0
-64.0,-426.0,1112.0
-140.0,-281.0,765.0
-57.0,-145.0,599.0
-45.0,-4.0,309.0
-60.0,-135.0,526.0
-6.0,-268.0,736.0
-81.0,-229.0,884.0
-232.0,-156.0,805.0
-224.0,-190.0,1003.0
-226.0,-179.0,1050.0
-385.0,-234.0,1057.0
-618.0,-195.0,941.0
-550.0,-149.0,899.0
-267.0,-160.0,891.0
138.0,-223.0,979.0
422.0,-55.0,896.0
660.0,57.0,878.0
661.0,17.0,984.0
499.0,-20.0,1021.0
224.0,-187.0,1200.0

-,-,-
93.0,31.0,528.0
145.0,9.0,661.0
-67.0,62.0,465.0
77.0,-86.0,670.0
69.0,-66.0,642.0
19.0,-177.0,997.0
-98.0,-416.0,1513.0
-267.0,-515.0,1714.0
-118.0,-460.0,1559.0
-83.0,-398.0,1304.0
-47.0,-372.0,1039.0
-54.0,-298.0,937.0
124.0,-360.0,939.0
366.0,-359.0,1005.0
337.0,-339.0,996.0
405.0,-344.0,1062.0
288.0,-276.0,938.0
-82.0,-312.0,729.0
-638.0,-480.0,724.0
-903.0,-542.0,826.0
-930.0,-488.0,804.0
-716.0,-421.0,911.0
-515.0,-355.0,1096.0
-367.0,-345.0,1273.0
-163.0,-579.0,1531.0
-194.0,-479.0,1291.0
-170.0,-334.0,1030.0
-50.0,-266.0,837.0
-60.0,-197.0,656.0
-80.0,-67.0,509.0
-36.0,-87.0,493.0
-40.0,-84.0,550.0
-39.0,-83.0,640.0
-51.0,-144.0,857.0
-205.0,-151.0,933.0
-207.0,-222.0,1072.0
-538.0,-258.0,1060.0
-724.0,-195.0,979.0
-646.0,-112.0,881.0
-193.0,-170.0,915.0
81.0,-78.0,979.0
423.0,10.0,905.0
562.0,-14.0,1025.0
596.0,-13.0,1033.0
440.0,-111.0,1109.0
235.0,-243.0,1295.0

-,-,-
130.0,123.0,545.0
32.0,132.0,521.0
42.0,1.0,598.0
6.0,-141.0,728.0
61.0,-125.0,834.0
-200.0,-208.0,1193.0
-173.0,-426.0,1506.0
-157.0,-475.0,1583.0
-193.0,-307.0,1413.0
-115.0,-361.0,1340.0
-11.0,-337.0,1146.0
-25.0,-305.0,1029.0
20.0,-331.0,997.0
126.0,-308.0,942.0
376.0,-299.0,1011.0
408.0,-222.0,872.0
467.0,-273.0,986.0
156.0,-352.0,1002.0
-57.0,-476.0,985.0
-351.0,-400.0,854.0
-651.0,-373.0,683.0
-854.0,-493.0,849.0
-772.0,-465.0,883.0
-509.0,-424.0,926.0
-377.0,-338.0,1003.0
-373.0,-301.0,1169.0
-135.0,-421.0,1416.0
-48.0,-475.0,1377.0
-74.0,-385.0,1159.0
-57.0,-315.0,926.0
-125.0,-296.0,761.0
-70.0,-131.0,544.0
6.0,-56.0,479.0
20.0,-38.0,451.0
-7.0,-112.0,651.0
10.0,-147.0,834.0
-42.0,-171.0,965.0
-205.0,-178.0,1025.0
-246.0,-187.0,1056.0
-435.0,-228.0,1117.0
-590.0,-245.0,1003.0
-557.0,-163.0,823.0
-352.0,-178.0,1023.0
159.0,-228.0,950.0
363.0,-66.0,868.0
719.0,31.0,945.0
678.0,102.0,872.0
531.0,-54.0,987.0
273.0,-245.0,1173.0

-,-,-
87.0,175.0,620.0
40.0,89.0,551.0
86.0,-33.0,519.0
78.0,-2.0,496.0
37.0,10.0,408.0
138.0,-59.0,676.0
39.0,-110.0,808.0
-32.0,-327.0,1312.0
-132.0,-540.0,1792.0
-189.0,-502.0,1730.0
-68.0,-414.0,1579.0
-37.0,-360.0,1310.0
-1.0,-375.0,1154.0
75.0,-307.0,934.0
219.0,-217.0,778.0
385.0,-187.0,868.0
584.0,-223.0,922.0
302.0,-242.0,936.0
-37.0,-125.0,710.0
-391.0,-329.0,723.0
-624.0,-469.0,846.0
-779.0,-566.0,944.0
-712.0,-530.0,975.0
-527.0,-407.0,958.0
-330.0,-351.0,984.0
-196.0,-309.0,1185.0
-33.0,-438.0,1432.0
-111.0,-456.0,1406.0
-143.0,-383.0,1186.0
-189.0,-379.0,1080.0
-181.0,-333.0,939.0
-187.0,-286.0,708.0
-184.0,-166.0,560.0
-148.0,-56.0,377.0
21.0,-103.0,596.0
-2.0,-62.0,585.0
-8.0,-161.0,764.0
-115.0,-170.0,897.0
-205.0,-213.0,1020.0
-334.0,-311.0,1102.0
-483.0,-330.0,1164.0
-674.0,-257.0,959.0
-676.0,-354.0,953.0
-313.0,-175.0,784.0
158.0,-118.0,792.0
402.0,10.0,841.0
562.0,0.0,916.0
566.0,-105.0,1081.0
269.0,-149.0,1001.0
222.0,-289.0,1118.0

-,-,-
233.0,74.0,540.0
107.0,47.0,501.0
88.0,30.0,481.0
87.0,-99.0,681.0
-65.0,-150.0,713.0
-151.0,-93.0,801.0
-116.0,-188.0,1193.0
-206.0,-250.0,1384.0
-209.0,-611.0,1781.0
-147.0,-392.0,1621.0
-160.0,-309.0,1358.0
-136.0,-358.0,1202.0
-64.0,-335.0,985.0
126.0,-320.0,936.0
408.0,-302.0,979.0
344.0,-293.0,916.0
263.0,-286.0,953.0
173.0,-250.0,840.0
-155.0,-300.0,771.0
-519.0,-345.0,852.0
-642.0,-369.0,956.0
-765.0,-327.0,806.0
-741.0,-338.0,831.0
-517.0,-329.0,906.0
-450.0,-270.0,787.0
-255.0,-328.0,990.0
-244.0,-255.0,1084.0
-211.0,-334.0,1315.0
-118.0,-427.0,1401.0
-194.0,-349.0,1246.0
-138.0,-257.0,1075.0
-104.0,-231.0,987.0
-42.0,-297.0,908.0
-85.0,-280.0,744.0
-187.0,-127.0,604.0
-138.0,-157.0,581.0
-16.0,-35.0,590.0
59.0,-48.0,655.0
46.0,-29.0,754.0
-60.0,-57.0,878.0
-236.0,-168.0,1065.0
-417.0,-231.0,1105.0
-568.0,-185.0,1045.0
-397.0,-116.0,992.0
-486.0,-147.0,938.0
-466.0,20.0,827.0
-431.0,-64.0,891.0
-91.0,-112.0,1003.0
338.0,-124.0,1008.0
645.0,21.0,961.0
635.0,6.0,962.0
394.0,-124.0,1131.0

-,-,-
15.0,102.0,576.0
168.0,43.0,617.0
45.0,-32.0,553.0
-54.0,23.0,515.0
-28.0,12.0,520.0
-2.0,35.0,508.0
1.0,40.0,819.0
-99.0,-317.0,1289.0
-214.0,-532.0,1769.0
-219.0,-515.0,1769.0
-78.0,-377.0,1529.0
-67.0,-352.0,1286.0
5.0,-336.0,1086.0
123.0,-257.0,888.0
182.0,-258.0,835.0
382.0,-219.0,866.0
476.0,-279.0,1003.0
363.0,-296.0,998.0
156.0,-193.0,762.0
-218.0,-356.0,711.0
-579.0,-558.0,875.0
-912.0,-513.0,840.0
-699.0,-455.0,913.0
-511.0,-340.0,813.0
-358.0,-319.0,942.0
-328.0,-331.0,969.0
-221.0,-294.0,1103.0
-226.0,-308.0,1206.0
-106.0,-388.0,1392.0
26.0,-476.0,1424.0
-88.0,-442.0,1333.0
-62.0,-400.0,1184.0
-63.0,-397.0,921.0
-90.0,-143.0,562.0
-60.0,-163.0,643.0
-37.0,24.0,382.0
79.0,0.0,486.0
68.0,6.0,593.0
89.0,-50.0,816.0
-12.0,-61.0,937.0
-103.0,-101.0,1017.0
-187.0,-160.0,1133.0
-290.0,-131.0,1099.0
-524.0,-142.0,952.0
-576.0,-208.0,1015.0
-583.0,-284.0,990.0
-364.0,-222.0,952.0
-98.0,-66.0,765.0
429.0,24.0,883.0
617.0,106.0,908.0
709.0,28.0,984.0
659.0,-50.0,1003.0
388.0,-108.0,1149.0

-,-,-
53.0,0.0,631.0
15.0,-52.0,509.0
-27.0,-66.0,515.0
121.0,96.0,384.0
17.0,112.0,484.0
143.0,62.0,956.0
50.0,-371.0,1555.0
-24.0,-540.0,1942.0
-90.0,-353.0,1733.0
-68.0,-272.0,1429.0
5.0,-300.0,1238.0
121.0,-283.0,1020.0
238.0,-292.0,959.0
371.0,-256.0,905.0
578.0,-172.0,912.0
578.0,-161.0,953.0
349.0,-192.0,841.0
-97.0,-93.0,653.0
-576.0,-280.0,729.0
-630.0,-496.0,972.0
-726.0,-620.0,1087.0
-562.0,-441.0,962.0
-482.0,-332.0,917.0
-326.0,-282.0,1017.0
-191.0,-329.0,1246.0
-167.0,-365.0,1349.0
-187.0,-335.0,1282.0
-70.0,-333.0,1248.0
0.0,-332.0,1065.0
-79.0,-304.0,926.0
-41.0,-235.0,731.0
-58.0,-122.0,598.0
38.0,-125.0,564.0
-100.0,-164.0,539.0
-111.0,-145.0,701.0
-14.0,-127.0,790.0
-51.0,-192.0,966.0
-141.0,-174.0,1022.0
-306.0,-306.0,1177.0
-473.0,-384.0,1229.0
-780.0,-351.0,1049.0
-605.0,-248.0,923.0
-294.0,-204.0,912.0
105.0,-103.0,793.0
406.0,-93.0,909.0
586.0,49.0,974.0
465.0,124.0,776.0
553.0,-41.0,985.0
530.0,-176.0,1068.0

-,-,-
466.0,187.0,980.0
532.0,191.0,907.0
520.0,39.0,1071.0
677.0,146.0,965.0
637.0,187.0,928.0
408.0,329.0,787.0
237.0,250.0,802.0
-38.0,241.0,872.0
-314.0,276.0,872.0
-354.0,255.0,976.0
-423.0,320.0,896.0
-371.0,305.0,889.0
-165.0,223.0,832.0
-117.0,156.0,708.0
-117.0,167.0,512.0
-59.0,235.0,416.0
-87.0,228.0,388.0
-134.0,142.0,543.0
-91.0,47.0,637.0
-30.0,44.0,928.0
-2.0,-51.0,1218.0
-130.0,-145.0,1291.0
-150.0,-229.0,1513.0
-171.0,-389.0,1581.0
-317.0,-351.0,1487.0
-333.0,-285.0,1318.0
-472.0,-223.0,1120.0
-712.0,-214.0,1076.0
-803.0,-258.0,994.0
-441.0,-285.0,977.0
-152.0,-270.0,823.0
360.0,-270.0,791.0
739.0,-271.0,881.0
756.0,-293.0,974.0
476.0,-279.0,1059.0
254.0,-294.0,1174.0
-75.0,-307.0,1462.0
-72.0,-364.0,1677.0
66.0,-343.0,1573.0
142.0,-177.0,1216.0
179.0,-36.0,885.0
30.0,-258.0,816.0
-50.0,-115.0,533.0
20.0,-14.0,428.0
48.0,43.0,341.0
26.0,183.0,421.0
177.0,23.0,709.0
122.0,-111.0,994.0

-,-,-
729.0,16.0,920.0
844.0,-47.0,1072.0
769.0,-2.0,1008.0
620.0,-33.0,934.0
265.0,-4.0,844.0
-86.0,61.0,780.0
-474.0,174.0,746.0
-637.0,111.0,918.0
-508.0,81.0,1086.0
-540.0,162.0,977.0
-185.0,162.0,994.0
-130.0,54.0,958.0
-54.0,-46.0,848.0
-4.0,6.0,550.0
-38.0,170.0,403.0
88.0,211.0,374.0
4.0,97.0,521.0
-25.0,54.0,557.0
-26.0,-22.0,776.0
-73.0,-71.0,971.0
-107.0,-246.0,1323.0
-205.0,-408.0,1596.0
-315.0,-450.0,1685.0
-298.0,-429.0,1470.0
-230.0,-425.0,1283.0
-365.0,-387.0,1131.0
-562.0,-303.0,966.0
-526.0,-288.0,942.0
-652.0,-343.0,976.0
-479.0,-282.0,835.0
-132.0,-290.0,782.0
402.0,-246.0,800.0
611.0,-325.0,930.0
458.0,-323.0,941.0
292.0,-338.0,959.0
133.0,-345.0,989.0
-15.0,-373.0,1104.0
-61.0,-257.0,1256.0
92.0,-385.0,1667.0
41.0,-534.0,1669.0
-47.0,-331.0,1297.0
6.0,-159.0,928.0
108.0,-184.0,804.0
-11.0,-103.0,529.0
-126.0,-40.0,398.0
-49.0,64.0,235.0
-27.0,-53.0,607.0

-,-,-
355.0,-6.0,982.0
594.0,-62.0,1048.0
697.0,-97.0,1086.0
752.0,-74.0,1083.0
574.0,-33.0,977.0
225.0,-107.0,991.0
-51.0,-15.0,846.0
-389.0,68.0,737.0
-606.0,9.0,881.0
-488.0,-13.0,926.0
-549.0,-5.0,974.0
-332.0,-19.0,1000.0
-182.0,25.0,910.0
-99.0,-15.0,859.0
-30.0,-49.0,695.0
1.0,34.0,479.0
-18.0,112.0,363.0
12.0,4.0,393.0
-82.0,-5.0,545.0
-113.0,-202.0,784.0
-54.0,-323.0,1245.0
-227.0,-442.0,1339.0
-139.0,-481.0,1614.0
-208.0,-438.0,1489.0
-191.0,-573.0,1467.0
-262.0,-458.0,1243.0
-410.0,-504.0,1064.0
-551.0,-379.0,935.0
-618.0,-386.0,910.0
-454.0,-393.0,840.0
-449.0,-334.0,708.0
-90.0,-342.0,766.0
407.0,-351.0,833.0
724.0,-455.0,1021.0
662.0,-421.0,1010.0
331.0,-461.0,1058.0
111.0,-424.0,1021.0
-48.0,-533.0,1208.0
-119.0,-385.0,1307.0
8.0,-408.0,1630.0
15.0,-572.0,1626.0
-84.0,-369.0,1263.0
54.0,-222.0,844.0
49.0,-209.0,608.0
17.0,-120.0,464.0
-57.0,-77.0,340.0
-49.0,-39.0,489.0
23.0,-82.0,534.0
72.0,-204.0,812.0

-,-,-
188.0,85.0,969.0
306.0,81.0,1026.0
665.0,-58.0,1230.0
646.0,-29.0,1085.0
622.0,-37.0,1064.0
438.0,-14.0,1015.0
-24.0,66.0,793.0
-33.0,106.0,922.0
-310.0,279.0,674.0
-414.0,159.0,852.0
-490.0,82.0,926.0
-539.0,91.0,956.0
-398.0,103.0,1015.0
-239.0,94.0,953.0
-48.0,43.0,937.0
-87.0,52.0,727.0
-56.0,76.0,578.0
-24.0,25.0,471.0
-79.0,189.0,395.0
53.0,125.0,454.0
-74.0,10.0,667.0
-170.0,-29.0,747.0
-51.0,-219.0,1144.0
-346.0,-483.0,1445.0
-419.0,-564.0,1653.0
-334.0,-534.0,1472.0
-261.0,-474.0,1305.0
-255.0,-383.0,1123.0
-344.0,-377.0,1056.0
-506.0,-359.0,1033.0
-572.0,-299.0,944.0
-583.0,-280.0,878.0
-564.0,-327.0,841.0
-301.0,-333.0,829.0
63.0,-272.0,746.0
474.0,-376.0,984.0
721.0,-367.0,947.0
477.0,-352.0,956.0
241.0,-390.0,979.0
9.0,-420.0,985.0
-78.0,-417.0,1080.0
-51.0,-334.0,1136.0
-35.0,-354.0,1435.0
119.0,-569.0,1648.0
20.0,-481.0,1434.0
-57.0,-260.0,1052.0
26.0,-248.0,849.0
-99.0,-151.0,545.0
-68.0,-99.0,392.0
-36.0,-60.0,391.0
6.0,87.0,384.0
40.0,-8.0,683.0

-,-,-
571.0,-84.0,1038.0
543.0,-187.0,1096.0
507.0,-110.0,1061.0
419.0,-85.0,1021.0
231.0,-41.0,880.0
65.0,-20.0,937.0
-76.0,21.0,902.0
-272.0,122.0,793.0
-406.0,53.0,902.0
-382.0,103.0,875.0
-358.0,70.0,923.0
-228.0,98.0,917.0
-217.0,44.0,966.0
-218.0,22.0,956.0
-107.0,-6.0,948.0
-67.0,-31.0,901.0
-28.0,-34.0,811.0
36.0,34.0,702.0
-59.0,63.0,552.0
-47.0,-34.0,651.0
15.0,12.0,570.0
-114.0,14.0,712.0
55.0,-16.0,702.0
-104.0,-181.0,1024.0
-165.0,-261.0,1251.0
-242.0,-385.0,1486.0
-198.0,-407.0,1451.0
-127.0,-351.0,1307.0
-182.0,-300.0,1206.0
-221.0,-391.0,1154.0
-236.0,-380.0,1093.0
-314.0,-323.0,972.0
-544.0,-326.0,928.0
-656.0,-250.0,835.0
-644.0,-239.0,783.0
-415.0,-291.0,908.0
-172.0,-262.0,846.0
319.0,-250.0,808.0
426.0,-325.0,895.0
541.0,-313.0,958.0
396.0,-341.0,976.0
298.0,-341.0,1009.0
142.0,-412.0,1049.0
10.0,-359.0,1017.0
-31.0,-336.0,1033.0
-71.0,-295.0,1036.0
-16.0,-250.0,1189.0
37.0,-313.0,1429.0
-31.0,-372.0,1453.0
-29.0,-345.0,1334.0
-28.0,-289.0,1149.0
-28.0,-210.0,928.0
7.0,-278.0,990.0
26.0,-189.0,728.0
-21.0,-86.0,567.0
112.0,-48.0,526.0
9.0,-32.0,492.0
-18.0,-40.0,663.0
-27.0,-77.0,854.0

-,-,-
383.0,-137.0,1104.0
600.0,-134.0,1069.0
528.0,-137.0,1044.0
478.0,-89.0,998.0
319.0,-72.0,963.0
94.0,-14.0,872.0
9.0,-119.0,929.0
-437.0,-85.0,871.0
-663.0,-20.0,865.0
-756.0,-22.0,927.0
-499.0,7.0,895.0
-296.0,-13.0,974.0
-185.0,0.0,941.0
-50.0,-34.0,970.0
1.0,-67.0,947.0
-48.0,-92.0,918.0
-79.0,-126.0,852.0
-82.0,-114.0,672.0
-71.0,-46.0,512.0
-39.0,72.0,456.0
18.0,6.0,506.0
-109.0,-81.0,630.0
-41.0,-211.0,910.0
-182.0,-317.0,1209.0
-193.0,-482.0,1492.0
-209.0,-492.0,1501.0
-17.0,-516.0,1457.0
-158.0,-497.0,1257.0
-277.0,-391.0,1005.0
-359.0,-338.0,905.0
-433.0,-379.0,884.0
-532.0,-370.0,874.0
-592.0,-347.0,824.0
-420.0,-382.0,838.0
-179.0,-367.0,778.0
99.0,-416.0,852.0
573.0,-418.0,953.0
720.0,-372.0,981.0
611.0,-378.0,982.0
233.0,-396.0,955.0
-66.0,-450.0,984.0
-134.0,-402.0,1016.0
-114.0,-325.0,1099.0
9.0,-364.0,1332.0
14.0,-425.0,1404.0
41.0,-419.0,1418.0
-2.0,-395.0,1235.0
91.0,-373.0,1118.0
64.0,-292.0,862.0
68.0,-187.0,659.0
25.0,-148.0,503.0
97.0,63.0,119.0
38.0,-93.0,499.0
29.0,-222.0,803.0

-,-,-
487.0,-157.0,1051.0
586.0,-193.0,1085.0
528.0,-162.0,990.0
575.0,-227.0,1100.0
311.0,-189.0,988.0
39.0,-105.0,899.0
-296.0,-57.0,805.0
-500.0,40.0,762.0
-421.0,-62.0,917.0
-487.0,-93.0,928.0
-385.0,-30.0,889.0
-380.0,-37.0,927.0
-209.0,-89.0,972.0
-86.0,-117.0,1036.0
-73.0,-85.0,941.0
-65.0,-99.0,894.0
-33.0,-87.0,777.0
-32.0,-144.0,760.0
-99.0,-105.0,621.0
-67.0,-86.0,588.0
-6.0,-138.0,598.0
-65.0,-79.0,609.0
-89.0,-130.0,744.0
-2.0,-226.0,1043.0
44.0,-360.0,1241.0
-36.0,-525.0,1446.0
-35.0,-582.0,1441.0
-85.0,-505.0,1311.0
-104.0,-498.0,1225.0
-168.0,-446.0,1072.0
-242.0,-443.0,985.0
-290.0,-384.0,916.0
-412.0,-391.0,901.0
-513.0,-344.0,868.0
-403.0,-378.0,870.0
-240.0,-332.0,727.0
-70.0,-425.0,807.0
274.0,-416.0,853.0
344.0,-382.0,828.0
461.0,-446.0,927.0
381.0,-434.0,927.0
225.0,-482.0,941.0
211.0,-483.0,955.0
109.0,-395.0,841.0
80.0,-398.0,921.0
10.0,-418.0,998.0
16.0,-479.0,1276.0
7.0,-598.0,1549.0
-45.0,-499.0,1486.0
21.0,-467.0,1401.0
8.0,-486.0,1252.0
-52.0,-331.0,943.0
-71.0,-275.0,810.0
-5.0,-162.0,557.0
4.0,-1.0,351.0
0.0,-12.0,369.0
44.0,-68.0,547.0
53.0,-99.0,775.0
-4.0,-108.0,907.0

-,-,-
563.0,-221.0,1161.0
477.0,-197.0,1095.0
337.0,-173.0,1046.0
274.0,-89.0,988.0
198.0,-13.0,892.0
-123.0,-37.0,874.0
-372.0,53.0,790.0
-576.0,18.0,870.0
-414.0,-5.0,982.0
-352.0,0.0,932.0
-229.0,25.0,936.0
-228.0,50.0,899.0
-197.0,-57.0,960.0
-40.0,-69.0,959.0
-78.0,-52.0,829.0
-52.0,-49.0,729.0
-53.0,-102.0,661.0
-52.0,15.0,559.0
-17.0,-9.0,585.0
-40.0,-40.0,651.0
-57.0,-38.0,654.0
-12.0,-241.0,1022.0
-6.0,-349.0,1192.0
-39.0,-469.0,1427.0
-38.0,-467.0,1488.0
-141.0,-481.0,1374.0
-204.0,-510.0,1291.0
-328.0,-423.0,1050.0
-270.0,-391.0,979.0
-395.0,-335.0,846.0
-457.0,-295.0,799.0
-438.0,-346.0,871.0
-406.0,-332.0,835.0
-185.0,-357.0,797.0
21.0,-389.0,810.0
415.0,-373.0,874.0
708.0,-379.0,932.0
496.0,-388.0,956.0
228.0,-426.0,1016.0
-5.0,-455.0,1016.0
-27.0,-451.0,1030.0
-33.0,-395.0,932.0
5.0,-364.0,965.0
-46.0,-367.0,1071.0
3.0,-418.0,1267.0
-3.0,-516.0,1538.0
56.0,-486.0,1438.0
7.0,-374.0,1250.0
-100.0,-285.0,985.0
-50.0,-198.0,790.0
-28.0,-297.0,822.0
62.0,-63.0,375.0
-14.0,62.0,347.0
14.0,4.0,406.0
-38.0,-145.0,704.0

-,-,-
283.0,-171.0,966.0
481.0,-254.0,1107.0
567.0,-229.0,1075.0
493.0,-177.0,1057.0
361.0,-138.0,1024.0
237.0,-213.0,1080.0
-41.0,-164.0,958.0
-159.0,-76.0,828.0
-643.0,56.0,625.0
-711.0,-29.0,791.0
-665.0,-122.0,964.0
-470.0,-125.0,1016.0
-365.0,-33.0,897.0
-197.0,-36.0,943.0
-100.0,-125.0,987.0
-20.0,-112.0,889.0
-102.0,-45.0,703.0
-78.0,-81.0,614.0
-132.0,-27.0,572.0
-3.0,-25.0,587.0
-23.0,-106.0,648.0
-29.0,-108.0,715.0
-49.0,-183.0,923.0
-4.0,-191.0,973.0
-92.0,-421.0,1315.0
-104.0,-510.0,1543.0
-83.0,-565.0,1499.0
-119.0,-430.0,1226.0
-50.0,-463.0,1185.0
-70.0,-423.0,1022.0
-110.0,-400.0,933.0
-191.0,-373.0,872.0
-423.0,-345.0,838.0
-522.0,-273.0,852.0
-534.0,-366.0,938.0
-358.0,-379.0,951.0
-257.0,-408.0,876.0
84.0,-444.0,867.0
288.0,-415.0,886.0
528.0,-367.0,880.0
484.0,-338.0,878.0
250.0,-336.0,875.0
97.0,-452.0,979.0
-14.0,-416.0,988.0
-37.0,-374.0,1014.0
16.0,-404.0,1107.0
-18.0,-386.0,1200.0
-23.0,-454.0,1356.0
-19.0,-485.0,1400.0
7.0,-495.0,1332.0
-37.0,-368.0,1086.0
27.0,-380.0,1083.0
80.0,-166.0,709.0
33.0,-41.0,442.0
-17.0,-162.0,452.0
-83.0,-187.0,497.0
0.0,-145.0,665.0

-,-,-
398.0,-70.0,980.0
452.0,-115.0,1129.0
381.0,-112.0,1008.0
480.0,-100.0,998.0
235.0,-107.0,934.0
279.0,-129.0,1029.0
201.0,-121.0,1008.0
-35.0,-122.0,966.0
-374.0,0.0,817.0
-525.0,40.0,792.0
-456.0,-37.0,929.0
-375.0,-16.0,956.0
-316.0,-47.0,957.0
-246.0,-36.0,989.0
-119.0,-64.0,1019.0
-25.0,-80.0,1013.0
-11.0,-76.0,944.0
-34.0,-84.0,777.0
14.0,-42.0,649.0
70.0,-20.0,537.0
14.0,-15.0,504.0
-83.0,-32.0,488.0
-39.0,-131.0,603.0
-24.0,-178.0,707.0
-6.0,-343.0,1136.0
62.0,-397.0,1275.0
49.0,-583.0,1571.0
-94.0,-605.0,1459.0
-126.0,-493.0,1309.0
-107.0,-477.0,1155.0
-129.0,-428.0,1019.0
-207.0,-414.0,947.0
-325.0,-434.0,942.0
-404.0,-408.0,917.0
-396.0,-429.0,961.0
-403.0,-397.0,925.0
-395.0,-360.0,813.0
-232.0,-366.0,783.0
78.0,-435.0,817.0
378.0,-441.0,851.0
586.0,-418.0,865.0
555.0,-421.0,888.0
424.0,-468.0,937.0
211.0,-460.0,906.0
86.0,-444.0,904.0
-13.0,-406.0,982.0
-8.0,-408.0,1120.0
-41.0,-472.0,1321.0
-33.0,-484.0,1384.0
92.0,-457.0,1374.0
90.0,-364.0,1186.0
32.0,-384.0,1067.0
-31.0,-285.0,835.0
107.0,-225.0,693.0
109.0,-190.0,561.0
-43.0,-124.0,501.0
-8.0,-83.0,448.0
43.0,-178.0,743.0

-,-,-
109.0,-136.0,632.0
89.0,-123.0,520.0
72.0,-119.0,428.0
187.0,-168.0,471.0
-62.0,-86.0,364.0
136.0,-261.0,795.0
-55.0,-182.0,1025.0
-48.0,-376.0,1405.0
-143.0,-683.0,1666.0
-53.0,-657.0,1664.0
-80.0,-552.0,1348.0
-18.0,-496.0,1129.0
51.0,-481.0,996.0
166.0,-447.0,928.0
224.0,-470.0,963.0
366.0,-484.0,1038.0
328.0,-453.0,993.0
194.0,-411.0,963.0
37.0,-372.0,831.0
-139.0,-369.0,872.0
-133.0,-367.0,876.0
-282.0,-290.0,728.0
-466.0,-388.0,810.0
-643.0,-389.0,701.0
-698.0,-391.0,809.0
-537.0,-353.0,823.0
-375.0,-344.0,923.0
-316.0,-261.0,1065.0
-184.0,-391.0,1283.0
-150.0,-508.0,1391.0
-119.0,-396.0,1241.0
-57.0,-296.0,1134.0
-21.0,-310.0,987.0
-43.0,-383.0,944.0
-33.0,-408.0,800.0
-83.0,-190.0,580.0
-86.0,-116.0,479.0
-109.0,-124.0,539.0
-44.0,-117.0,573.0
12.0,-274.0,856.0
-72.0,-190.0,818.0
-135.0,-260.0,1000.0
-203.0,-294.0,1049.0
-456.0,-304.0,1100.0
-483.0,-277.0,1054.0
-554.0,-150.0,903.0
-395.0,-138.0,907.0
-129.0,-182.0,951.0
-101.0,-72.0,833.0
236.0,-114.0,889.0
348.0,-119.0,961.0
322.0,-77.0,888.0
398.0,-169.0,1040.0
115.0,-151.0,953.0
95.0,-219.0,1040.0
95.0,-328.0,1177.0

-,-,-
94.0,218.0,1205.0
30.0,-42.0,598.0
141.0,-68.0,638.0
113.0,-111.0,659.0
64.0,-38.0,580.0
-135.0,-59.0,576.0
40.0,-166.0,881.0
-103.0,-249.0,1062.0
-120.0,-329.0,1368.0
-156.0,-364.0,1396.0
-110.0,-426.0,1430.0
-80.0,-423.0,1370.0
-31.0,-418.0,1261.0
-84.0,-361.0,1040.0
-73.0,-325.0,952.0
-32.0,-311.0,881.0
122.0,-390.0,967.0
198.0,-373.0,894.0
295.0,-375.0,928.0
354.0,-310.0,936.0
225.0,-287.0,904.0
135.0,-347.0,961.0
-145.0,-380.0,985.0
-120.0,-301.0,835.0
-275.0,-301.0,788.0
-464.0,-334.0,755.0
-558.0,-419.0,846.0
-556.0,-403.0,840.0
-562.0,-366.0,812.0
-432.0,-377.0,882.0
-349.0,-325.0,929.0
-235.0,-356.0,1113.0
-276.0,-384.0,1257.0
-189.0,-393.0,1310.0
-66.0,-434.0,1334.0
-119.0,-400.0,1185.0
-2.0,-375.0,1145.0
-8.0,-277.0,870.0
-64.0,-293.0,846.0
57.0,-282.0,750.0
-73.0,-122.0,555.0
-9.0,-57.0,526.0
-3.0,-102.0,629.0
-33.0,-116.0,723.0
42.0,-154.0,828.0
-105.0,-160.0,857.0
-219.0,-204.0,1032.0
-328.0,-219.0,1029.0
-336.0,-206.0,1088.0
-478.0,-141.0,1032.0
-375.0,-117.0,952.0
-241.0,-148.0,1000.0
1.0,-152.0,932.0
28.0,-129.0,937.0
160.0,-116.0,939.0
288.0,-116.0,968.0
397.0,-36.0,904.0
468.0,-93.0,1001.0
333.0,-173.0,1060.0

-,-,-
-1.0,-42.0,776.0
-39.0,-33.0,670.0
-103.0,-15.0,521.0
10.0,-116.0,556.0
116.0,-40.0,468.0
-48.0,15.0,510.0
3.0,-127.0,964.0
13.0,-307.0,1371.0
-69.0,-364.0,1520.0
-18.0,-380.0,1479.0
-26.0,-443.0,1422.0
-23.0,-413.0,1253.0
-119.0,-383.0,1051.0
-78.0,-358.0,928.0
-44.0,-385.0,892.0
93.0,-408.0,917.0
308.0,-390.0,933.0
496.0,-326.0,931.0
530.0,-332.0,1005.0
364.0,-316.0,905.0
135.0,-400.0,943.0
-110.0,-410.0,905.0
-217.0,-324.0,745.0
-474.0,-388.0,830.0
-576.0,-495.0,894.0
-666.0,-460.0,868.0
-505.0,-388.0,859.0
-426.0,-319.0,767.0
-305.0,-404.0,901.0
-296.0,-396.0,876.0
-315.0,-357.0,841.0
-225.0,-369.0,929.0
-237.0,-375.0,1060.0
-230.0,-361.0,1188.0
-228.0,-506.0,1385.0
-183.0,-521.0,1310.0
-140.0,-428.0,1193.0
-111.0,-388.0,1089.0
-130.0,-350.0,901.0
-87.0,-278.0,737.0
-56.0,-201.0,624.0
-25.0,-187.0,605.0
-87.0,-90.0,431.0
-59.0,-129.0,590.0
-41.0,-161.0,702.0
-103.0,-147.0,750.0
-85.0,-153.0,864.0
-215.0,-219.0,993.0
-332.0,-273.0,1083.0
-519.0,-294.0,1104.0
-446.0,-336.0,1065.0
-564.0,-225.0,872.0
-305.0,-212.0,904.0
22.0,-214.0,979.0
118.0,-115.0,838.0
458.0,-188.0,1035.0
474.0,-58.0,941.0
356.0,-3.0,857.0
395.0,-192.0,1038.0
64.0,-151.0,947.0
68.0,-248.0,1075.0

-,-,-
44.0,-72.0,734.0
20.0,89.0,548.0
1.0,-112.0,747.0
51.0,-112.0,583.0
-74.0,25.0,483.0
43.0,-154.0,912.0
-42.0,-157.0,1078.0
27.0,-360.0,1571.0
-78.0,-563.0,1801.0
-164.0,-437.0,1528.0
-69.0,-341.0,1290.0
2.0,-332.0,1112.0
-28.0,-335.0,935.0
55.0,-313.0,881.0
234.0,-313.0,875.0
468.0,-326.0,1008.0
463.0,-310.0,955.0
343.0,-260.0,886.0
253.0,-272.0,895.0
56.0,-328.0,941.0
-166.0,-267.0,880.0
-332.0,-291.0,809.0
-658.0,-398.0,907.0
-645.0,-360.0,862.0
-607.0,-310.0,787.0
-525.0,-309.0,842.0
-329.0,-290.0,849.0
-203.0,-278.0,940.0
-166.0,-275.0,1069.0
-229.0,-264.0,1191.0
-203.0,-329.0,1375.0
-195.0,-382.0,1456.0
-147.0,-406.0,1345.0
-132.0,-318.0,1078.0
-115.0,-403.0,1060.0
7.0,-288.0,818.0
-68.0,-162.0,604.0
6.0,-79.0,468.0
51.0,-35.0,444.0
-24.0,-75.0,534.0
-17.0,-76.0,680.0
-98.0,-152.0,878.0
-166.0,-139.0,996.0
-210.0,-180.0,1086.0
-322.0,-217.0,1138.0
-476.0,-165.0,1062.0
-522.0,-205.0,949.0
-400.0,-142.0,953.0
-419.0,-84.0,953.0
-262.0,-78.0,916.0
13.0,-138.0,921.0
242.0,-26.0,846.0
550.0,-40.0,952.0
571.0,55.0,878.0
554.0,-45.0,985.0
340.0,-150.0,1125.0
114.0,-170.0,1152.0

-,-,-
111.0,45.0,878.0
90.0,-17.0,843.0
-25.0,-35.0,684.0
-9.0,-61.0,566.0
-25.0,-157.0,562.0
144.0,-75.0,558.0
47.0,-110.0,632.0
24.0,-99.0,822.0
-10.0,-164.0,1152.0
-87.0,-252.0,1346.0
-44.0,-596.0,1790.0
-141.0,-625.0,1798.0
-57.0,-429.0,1451.0
-18.0,-385.0,1153.0
47.0,-353.0,924.0
222.0,-324.0,872.0
425.0,-321.0,882.0
529.0,-245.0,873.0
301.0,-239.0,843.0
93.0,-369.0,977.0
-113.0,-265.0,880.0
-146.0,-255.0,805.0
-510.0,-441.0,836.0
-575.0,-391.0,876.0
-645.0,-391.0,825.0
-723.0,-399.0,820.0
-540.0,-352.0,838.0
-434.0,-315.0,924.0
-281.0,-351.0,1043.0
-278.0,-273.0,1120.0
-262.0,-289.0,1212.0
-139.0,-372.0,1353.0
-119.0,-395.0,1283.0
-136.0,-272.0,1099.0
44.0,-273.0,998.0
-83.0,-303.0,924.0
-50.0,-314.0,808.0
-103.0,-216.0,674.0
-83.0,-46.0,491.0
-64.0,-99.0,556.0
-43.0,-86.0,604.0
-105.0,-127.0,739.0
-112.0,-176.0,899.0
-145.0,-199.0,962.0
-440.0,-198.0,1022.0
-393.0,-242.0,1033.0
-623.0,-193.0,964.0
-560.0,-165.0,922.0
-242.0,-248.0,940.0
-389.0,-93.0,835.0
188.0,-153.0,1075.0
326.0,-70.0,929.0
461.0,-147.0,1069.0
539.0,-42.0,986.0
263.0,-55.0,1009.0
236.0,-182.0,1124.0

-,-,-
10.0,68.0,759.0
17.0,-16.0,719.0
-70.0,-97.0,488.0
-27.0,-43.0,388.0
87.0,-101.0,548.0
49.0,-134.0,603.0
-18.0,-215.0,946.0
-59.0,-258.0,1126.0
-195.0,-394.0,1382.0
-103.0,-642.0,1688.0
-150.0,-534.0,1531.0
-171.0,-464.0,1362.0
-106.0,-429.0,1160.0
-30.0,-389.0,1001.0
10.0,-350.0,900.0
34.0,-409.0,928.0
153.0,-386.0,941.0
382.0,-363.0,985.0
335.0,-293.0,908.0
124.0,-333.0,977.0
132.0,-375.0,997.0
-229.0,-342.0,760.0
-434.0,-400.0,804.0
-678.0,-462.0,753.0
-659.0,-449.0,787.0
-606.0,-420.0,844.0
-479.0,-394.0,888.0
-336.0,-368.0,908.0
-363.0,-349.0,986.0
-330.0,-335.0,1095.0
-302.0,-461.0,1305.0
-250.0,-473.0,1295.0
-300.0,-398.0,1176.0
-153.0,-358.0,1075.0
-142.0,-477.0,1058.0
-61.0,-395.0,899.0
-107.0,-321.0,758.0
8.0,-143.0,568.0
-107.0,-57.0,481.0
10.0,-121.0,560.0
-12.0,-103.0,593.0
-102.0,-145.0,724.0
-159.0,-178.0,813.0
-262.0,-222.0,959.0
-315.0,-268.0,1040.0
-458.0,-291.0,1083.0
-562.0,-204.0,1013.0
-767.0,-225.0,870.0
-500.0,-177.0,790.0
-401.0,-318.0,974.0
230.0,-136.0,955.0
481.0,-46.0,965.0
437.0,14.0,811.0
475.0,-187.0,1069.0
162.0,-172.0,1020.0
-32.0,-193.0,996.0
124.0,-349.0,1176.0

-,-,-
506.0,-6.0,999.0
530.0,-2.0,884.0
782.0,-145.0,1035.0
762.0,-58.0,1000.0
645.0,-64.0,1024.0
638.0,-78.0,1016.0
358.0,-91.0,985.0
151.0,-135.0,984.0
-54.0,-32.0,891.0
-476.0,-60.0,768.0
-585.0,-205.0,828.0
-783.0,-195.0,901.0
-737.0,-173.0,950.0
-510.0,-70.0,901.0
-422.0,13.0,862.0
-322.0,-15.0,863.0
-239.0,33.0,780.0
-160.0,-36.0,779.0
-108.0,-75.0,666.0
-101.0,-54.0,521.0
-4.0,-15.0,456.0
-105.0,-55.0,473.0
-51.0,-91.0,602.0
-100.0,-203.0,715.0
-120.0,-282.0,922.0
-111.0,-328.0,1078.0
-214.0,-580.0,1358.0
-396.0,-752.0,1432.0
-144.0,-587.0,1353.0
-213.0,-587.0,1275.0
-226.0,-581.0,1177.0
-270.0,-613.0,1160.0
-416.0,-594.0,1041.0
-558.0,-616.0,1016.0
-566.0,-532.0,884.0
-463.0,-443.0,738.0
-415.0,-414.0,679.0
-413.0,-389.0,703.0
-155.0,-398.0,597.0
88.0,-476.0,824.0
252.0,-455.0,897.0
423.0,-408.0,1017.0
429.0,-393.0,934.0
499.0,-424.0,962.0
249.0,-475.0,966.0
59.0,-496.0,988.0
-35.0,-479.0,1005.0
-80.0,-478.0,1154.0
3.0,-519.0,1395.0
11.0,-554.0,1481.0
-32.0,-497.0,1394.0
-57.0,-397.0,1161.0
1.0,-422.0,1112.0
-21.0,-292.0,857.0
-39.0,-280.0,851.0
18.0,-137.0,451.0
-71.0,-4.0,376.0
41.0,-32.0,417.0
-3.0,-157.0,654.0
5.0,-202.0,852.0

-,-,-
412.0,-157.0,1008.0
592.0,-204.0,1196.0
386.0,-136.0,996.0
221.0,-110.0,956.0
172.0,-62.0,849.0
-51.0,-79.0,833.0
-176.0,-90.0,882.0
-479.0,-174.0,906.0
-631.0,-99.0,790.0
-697.0,-108.0,878.0
-505.0,-150.0,999.0
-336.0,-61.0,930.0
-302.0,-77.0,933.0
-181.0,-100.0,956.0
-100.0,-117.0,929.0
-55.0,-108.0,871.0
-68.0,-118.0,750.0
-34.0,-54.0,596.0
-5.0,27.0,494.0
-30.0,-104.0,573.0
-64.0,-131.0,584.0
-81.0,-184.0,750.0
-95.0,-266.0,915.0
-183.0,-451.0,1204.0
-194.0,-564.0,1385.0
-216.0,-528.0,1335.0
-230.0,-549.0,1313.0
-227.0,-479.0,1199.0
-253.0,-491.0,1110.0
-294.0,-484.0,984.0
-411.0,-405.0,806.0
-483.0,-427.0,813.0
-565.0,-402.0,748.0
-530.0,-321.0,763.0
-525.0,-437.0,830.0
-372.0,-397.0,784.0
-169.0,-486.0,905.0
148.0,-447.0,889.0
379.0,-421.0,964.0
502.0,-401.0,1008.0
515.0,-327.0,912.0
372.0,-433.0,1041.0
177.0,-467.0,1062.0
-26.0,-496.0,1147.0
-89.0,-443.0,1136.0
-75.0,-343.0,1164.0
-40.0,-393.0,1328.0
-5.0,-397.0,1307.0
-41.0,-382.0,1197.0
-11.0,-417.0,1153.0
64.0,-240.0,854.0
22.0,-174.0,619.0
32.0,-171.0,579.0
17.0,-150.0,482.0
-61.0,-110.0,486.0
-3.0,-205.0,824.0
-65.0,-215.0,814.0

-,-,-
266.0,-135.0,991.0
414.0,-148.0,1020.0
538.0,-172.0,1057.0
409.0,-179.0,1060.0
368.0,-143.0,1024.0
326.0,-122.0,958.0
153.0,-147.0,990.0
73.0,-144.0,971.0
-312.0,7.0,703.0
-589.0,-9.0,741.0
-516.0,-142.0,1007.0
-431.0,-104.0,963.0
-468.0,-109.0,992.0
-394.0,-68.0,910.0
-293.0,-84.0,952.0
-185.0,-118.0,913.0
-139.0,-135.0,827.0
-68.0,-118.0,650.0
-35.0,-71.0,520.0
-10.0,-35.0,494.0
-46.0,-74.0,526.0
9.0,-173.0,652.0
-61.0,-141.0,679.0
-81.0,-304.0,993.0
-108.0,-406.0,1144.0
-167.0,-563.0,1409.0
-137.0,-574.0,1395.0
-180.0,-555.0,1348.0
-173.0,-586.0,1334.0
-206.0,-603.0,1237.0
-379.0,-582.0,1069.0
-445.0,-465.0,905.0
-419.0,-483.0,878.0
-488.0,-435.0,838.0
-423.0,-417.0,782.0
-260.0,-450.0,856.0
-185.0,-398.0,681.0
137.0,-497.0,893.0
356.0,-396.0,758.0
538.0,-381.0,808.0
523.0,-373.0,836.0
326.0,-469.0,952.0
171.0,-541.0,1069.0
29.0,-513.0,1162.0
85.0,-503.0,1270.0
22.0,-506.0,1321.0
83.0,-504.0,1333.0
-2.0,-543.0,1328.0
-47.0,-407.0,1065.0
-31.0,-379.0,992.0
-59.0,-325.0,859.0
-66.0,-210.0,674.0
36.0,-160.0,592.0
55.0,-87.0,448.0
-34.0,-121.0,522.0
-70.0,-187.0,639.0
-81.0,-267.0,854.0

-,-,-
404.0,-187.0,1021.0
483.0,-105.0,965.0
569.0,-218.0,1155.0
736.0,-195.0,1153.0
650.0,-157.0,1057.0
509.0,-122.0,951.0
177.0,-68.0,806.0
24.0,-55.0,852.0
-123.0,-61.0,889.0
-243.0,27.0,896.0
-425.0,41.0,773.0
-729.0,-6.0,820.0
-632.0,-48.0,846.0
-515.0,-65.0,912.0
-377.0,-38.0,906.0
-289.0,-13.0,860.0
-163.0,-34.0,864.0
-80.0,-67.0,806.0
-30.0,-110.0,666.0
-61.0,-92.0,561.0
-81.0,-6.0,476.0
1.0,-41.0,461.0
-9.0,-139.0,604.0
-17.0,-182.0,793.0
-87.0,-300.0,1062.0
-150.0,-454.0,1274.0
-86.0,-632.0,1522.0
-143.0,-579.0,1522.0
-267.0,-580.0,1449.0
-252.0,-587.0,1375.0
-316.0,-515.0,1145.0
-494.0,-416.0,888.0
-495.0,-387.0,830.0
-599.0,-407.0,793.0
-334.0,-409.0,810.0
-390.0,-446.0,835.0
-41.0,-439.0,822.0
163.0,-465.0,856.0
447.0,-507.0,907.0
544.0,-401.0,872.0
411.0,-377.0,864.0
365.0,-311.0,800.0
171.0,-370.0,875.0
101.0,-417.0,991.0
-27.0,-401.0,1078.0
-6.0,-401.0,1209.0
-9.0,-437.0,1334.0
-85.0,-429.0,1395.0
-67.0,-408.0,1301.0
0.0,-329.0,1078.0
-49.0,-428.0,1117.0
-74.0,-272.0,847.0
-31.0,-142.0,605.0
34.0,-104.0,528.0
3.0,-32.0,399.0
0.0,-172.0,565.0
-14.0,-178.0,707.0
-61.0,-281.0,975.0

-,-,-
433.0,-204.0,1065.0
460.0,-145.0,996.0
417.0,-187.0,1062.0
214.0,-145.0,967.0
219.0,-138.0,1036.0
44.0,-91.0,920.0
-48.0,-71.0,949.0
-260.0,-48.0,808.0
-438.0,-5.0,757.0
-601.0,-89.0,920.0
-550.0,-12.0,840.0
-450.0,-62.0,937.0
-383.0,-92.0,1000.0
-333.0,-62.0,918.0
-272.0,-55.0,895.0
-183.0,-104.0,857.0
-181.0,-79.0,712.0
-76.0,-84.0,590.0
-102.0,-38.0,558.0
-70.0,0.0,415.0
-67.0,-122.0,632.0
-135.0,-54.0,627.0
3.0,-211.0,782.0
-163.0,-313.0,990.0
-178.0,-517.0,1254.0
-184.0,-500.0,1273.0
-97.0,-559.0,1408.0
-89.0,-613.0,1438.0
-191.0,-582.0,1296.0
-230.0,-547.0,1172.0
-336.0,-463.0,970.0
-381.0,-500.0,947.0
-437.0,-450.0,854.0
-482.0,-385.0,793.0
-371.0,-404.0,835.0
-305.0,-383.0,804.0
-72.0,-425.0,874.0
-75.0,-443.0,816.0
260.0,-429.0,865.0
413.0,-387.0,791.0
463.0,-324.0,843.0
281.0,-385.0,928.0
134.0,-450.0,969.0
6.0,-459.0,1005.0
-62.0,-427.0,1013.0
-108.0,-396.0,1020.0
-92.0,-379.0,1125.0
-84.0,-374.0,1281.0
-66.0,-375.0,1357.0
-17.0,-452.0,1382.0
-132.0,-385.0,1224.0
-99.0,-279.0,1051.0
-73.0,-291.0,1043.0
-41.0,-223.0,756.0
-86.0,-125.0,614.0
53.0,-222.0,740.0
10.0,-105.0,540.0
-5.0,-41.0,567.0
-27.0,-130.0,693.0
-44.0,-118.0,793.0

-,-,-
187.0,-91.0,1099.0
254.0,-79.0,1008.0
418.0,-80.0,1052.0
504.0,-122.0,1164.0
695.0,-108.0,1091.0
464.0,-39.0,940.0
154.0,58.0,801.0
14.0,-116.0,1030.0
-257.0,-97.0,889.0
-629.0,-2.0,796.0
-888.0,107.0,660.0
-654.0,4.0,917.0
-453.0,30.0,889.0
-286.0,-13.0,1012.0
-258.0,33.0,920.0
-173.0,11.0,944.0
-63.0,-23.0,906.0
-82.0,-57.0,782.0
-147.0,-49.0,622.0
-24.0,-9.0,545.0
-23.0,42.0,454.0
-18.0,-13.0,502.0
-108.0,-71.0,620.0
-26.0,-66.0,792.0
-128.0,-227.0,1033.0
-240.0,-515.0,1442.0
-339.0,-541.0,1592.0
-257.0,-481.0,1457.0
-243.0,-490.0,1440.0
-277.0,-471.0,1205.0
-484.0,-437.0,1017.0
-368.0,-420.0,928.0
-567.0,-363.0,802.0
-437.0,-338.0,800.0
-336.0,-358.0,857.0
-262.0,-307.0,755.0
-25.0,-401.0,889.0
249.0,-447.0,895.0
389.0,-427.0,874.0
508.0,-400.0,899.0
295.0,-432.0,928.0
205.0,-440.0,963.0
166.0,-443.0,1008.0
-21.0,-404.0,1009.0
-18.0,-442.0,1145.0
-98.0,-425.0,1211.0
-35.0,-366.0,1319.0
-32.0,-421.0,1421.0
-101.0,-483.0,1380.0
0.0,-391.0,1147.0
-54.0,-313.0,870.0
-83.0,-202.0,593.0
-51.0,-157.0,479.0
-119.0,-93.0,470.0
-40.0,-30.0,485.0
107.0,-206.0,775.0
81.0,-158.0,846.0
-69.0,-158.0,894.0

-,-,-
430.0,-227.0,762.0
529.0,-161.0,1078.0
572.0,-216.0,1137.0
482.0,-197.0,1080.0
305.0,-229.0,1118.0
101.0,-102.0,875.0
37.0,-124.0,941.0
-329.0,-102.0,913.0
-410.0,-34.0,767.0
-631.0,-6.0,737.0
-532.0,-62.0,905.0
-635.0,-9.0,864.0
-479.0,-8.0,907.0
-354.0,-53.0,992.0
-187.0,-82.0,953.0
-194.0,-58.0,762.0
-67.0,4.0,613.0
1.0,-8.0,541.0
23.0,-19.0,481.0
-60.0,1.0,528.0
17.0,-54.0,602.0
-56.0,-124.0,742.0
-59.0,-215.0,885.0
-99.0,-395.0,1142.0
-201.0,-543.0,1357.0
-163.0,-647.0,1595.0
-167.0,-604.0,1454.0
-146.0,-617.0,1381.0
-239.0,-536.0,1117.0
-304.0,-454.0,895.0
-332.0,-477.0,910.0
-416.0,-494.0,891.0
-505.0,-390.0,737.0
-503.0,-429.0,872.0
-354.0,-381.0,813.0
-211.0,-443.0,903.0
-76.0,-391.0,807.0
14.0,-381.0,753.0
235.0,-492.0,864.0
425.0,-482.0,947.0
339.0,-458.0,942.0
296.0,-437.0,907.0
154.0,-410.0,874.0
130.0,-471.0,970.0
-21.0,-462.0,1045.0
-54.0,-488.0,1301.0
-64.0,-500.0,1393.0
-150.0,-498.0,1390.0
-126.0,-494.0,1306.0
-116.0,-411.0,1137.0
27.0,-296.0,865.0
-87.0,-246.0,803.0
-64.0,-217.0,676.0
-58.0,-99.0,553.0
37.0,56.0,300.0
-41.0,-84.0,485.0
-62.0,-88.0,650.0

-,-,-
506.0,-39.0,894.0
425.0,-25.0,817.0
464.0,-29.0,858.0
345.0,-54.0,854.0
181.0,-41.0,851.0
134.0,-3.0,916.0
168.0,24.0,1008.0
90.0,0.0,1041.0
-130.0,113.0,784.0
-590.0,250.0,599.0
-626.0,96.0,750.0
-577.0,-148.0,1087.0
-438.0,-110.0,1036.0
-440.0,70.0,811.0
-229.0,21.0,872.0
-11.0,-64.0,824.0
-46.0,20.0,625.0
-1.0,-12.0,571.0
-42.0,69.0,516.0
47.0,63.0,467.0
-13.0,-43.0,651.0
-7.0,-126.0,835.0
16.0,-350.0,1189.0
-112.0,-463.0,1315.0
-99.0,-628.0,1532.0
-133.0,-540.0,1406.0
-152.0,-539.0,1320.0
-179.0,-505.0,1246.0
-195.0,-479.0,1120.0
-279.0,-479.0,1056.0
-401.0,-447.0,932.0
-385.0,-414.0,881.0
-462.0,-333.0,776.0
-473.0,-285.0,733.0
-368.0,-344.0,857.0
-210.0,-405.0,877.0
-62.0,-381.0,867.0
139.0,-379.0,886.0
247.0,-329.0,861.0
413.0,-314.0,829.0
430.0,-453.0,1036.0
319.0,-418.0,979.0
166.0,-397.0,987.0
24.0,-455.0,1124.0
10.0,-389.0,1197.0
-68.0,-436.0,1353.0
22.0,-498.0,1435.0
-27.0,-390.0,1361.0
-11.0,-393.0,1285.0
68.0,-250.0,1027.0
31.0,-159.0,721.0
-8.0,-134.0,627.0
-20.0,-157.0,514.0
-112.0,-82.0,512.0
58.0,-81.0,570.0
23.0,-192.0,738.0

-,-,-
380.0,-117.0,1000.0
552.0,-171.0,1128.0
742.0,-230.0,1201.0
515.0,-89.0,928.0
313.0,-107.0,929.0
202.0,-123.0,953.0
-92.0,-15.0,732.0
-273.0,-90.0,944.0
-582.0,102.0,764.0
-524.0,50.0,833.0
-442.0,-42.0,944.0
-421.0,-70.0,1010.0
-354.0,29.0,967.0
-203.0,5.0,993.0
-117.0,-64.0,990.0
-101.0,-59.0,830.0
-74.0,-47.0,716.0
-75.0,-104.0,602.0
-20.0,-20.0,516.0
-58.0,35.0,484.0
-86.0,-17.0,549.0
43.0,-115.0,695.0
-26.0,-188.0,835.0
35.0,-324.0,1138.0
-97.0,-295.0,1224.0
-75.0,-571.0,1453.0
-144.0,-566.0,1487.0
-67.0,-568.0,1389.0
-140.0,-537.0,1233.0
-229.0,-443.0,1074.0
-238.0,-486.0,1046.0
-315.0,-444.0,949.0
-401.0,-432.0,912.0
-461.0,-421.0,874.0

-,-,-
23.0,-505.0,1475.0
-6.0,-393.0,1214.0
-59.0,-287.0,989.0
52.0,-334.0,966.0
77.0,-299.0,729.0

-,-,-
301.0,-120.0,1078.0
395.0,-125.0,1115.0
488.0,-88.0,1015.0
497.0,-108.0,1057.0
252.0,19.0,908.0
-15.0,66.0,821.0
-318.0,83.0,891.0
-470.0,21.0,1010.0
-444.0,84.0,958.0
-211.0,62.0,998.0
-77.0,77.0,907.0
21.0,66.0,849.0
87.0,75.0,769.0
47.0,97.0,666.0
66.0,108.0,611.0
49.0,103.0,515.0
121.0,17.0,742.0
-112.0,-242.0,1166.0
-175.0,-335.0,1459.0
-196.0,-280.0,1440.0
-113.0,-240.0,1387.0
-96.0,-175.0,1161.0
-98.0,-175.0,1051.0
-291.0,-213.0,979.0
-366.0,-150.0,863.0
-322.0,-183.0,953.0
-250.0,-187.0,861.0
-104.0,-246.0,852.0
196.0,-208.0,793.0
561.0,-251.0,956.0
593.0,-235.0,991.0
421.0,-260.0,1107.0
246.0,-239.0,1160.0
207.0,-246.0,1292.0
160.0,-250.0,1404.0
41.0,-235.0,1348.0
63.0,-208.0,1158.0
71.0,-178.0,893.0
41.0,-83.0,620.0
-12.0,-93.0,542.0
6.0,-37.0,438.0
27.0,-58.0,625.0

-,-,-
720.0,-4.0,963.0
584.0,10.0,906.0
342.0,70.0,851.0
103.0,-24.0,997.0
-255.0,42.0,859.0
-458.0,25.0,971.0
-427.0,61.0,956.0
-379.0,47.0,965.0
-249.0,-6.0,984.0
-45.0,23.0,864.0
21.0,39.0,745.0
46.0,52.0,566.0
19.0,78.0,526.0
-94.0,19.0,515.0
7.0,-48.0,654.0
-9.0,-204.0,937.0
-5.0,-243.0,1232.0
-26.0,-335.0,1482.0
-31.0,-411.0,1536.0
-8.0,-384.0,1360.0
-108.0,-343.0,1129.0
-193.0,-292.0,1011.0
-125.0,-296.0,1076.0
-256.0,-243.0,955.0
-384.0,-267.0,917.0
-271.0,-297.0,796.0
43.0,-361.0,838.0
479.0,-288.0,822.0
609.0,-290.0,937.0
547.0,-314.0,952.0
396.0,-302.0,974.0
220.0,-291.0,1067.0
179.0,-328.0,1258.0
151.0,-303.0,1358.0
116.0,-327.0,1416.0
122.0,-311.0,1264.0
63.0,-248.0,1042.0
-19.0,-124.0,718.0
7.0,-122.0,672.0
78.0,-40.0,507.0
64.0,18.0,501.0
45.0,-8.0,570.0
73.0,-64.0,828.0

-,-,-
249.0,-43.0,996.0
371.0,-32.0,915.0
571.0,-41.0,1000.0
610.0,11.0,932.0
460.0,-27.0,928.0
210.0,-24.0,880.0
-65.0,-45.0,984.0
-287.0,-55.0,1033.0
-400.0,-2.0,1004.0
-377.0,-11.0,1012.0
-348.0,-41.0,990.0
-173.0,-55.0,941.0
-122.0,-57.0,873.0
-51.0,-10.0,720.0
38.0,4.0,590.0
19.0,49.0,531.0
65.0,19.0,544.0
-29.0,-59.0,651.0
-37.0,-291.0,1059.0
-103.0,-402.0,1379.0
78.0,-361.0,1389.0
81.0,-426.0,1429.0
5.0,-456.0,1360.0
-148.0,-459.0,1216.0
-212.0,-398.0,1062.0
-210.0,-304.0,953.0
-242.0,-307.0,937.0
-136.0,-248.0,892.0
-151.0,-231.0,790.0
74.0,-260.0,795.0
346.0,-291.0,826.0
545.0,-321.0,923.0
478.0,-324.0,973.0
262.0,-305.0,977.0
145.0,-328.0,1026.0
105.0,-335.0,1125.0
87.0,-272.0,1176.0
149.0,-306.0,1378.0
78.0,-272.0,1328.0
53.0,-252.0,1184.0
49.0,-312.0,1157.0
48.0,-209.0,883.0
55.0,-105.0,662.0
96.0,-13.0,548.0
153.0,-16.0,531.0
4.0,-129.0,587.0
-126.0,-101.0,639.0

-,-,-
267.0,-99.0,902.0
541.0,-128.0,1071.0
537.0,-91.0,988.0
583.0,-94.0,1062.0
370.0,0.0,870.0
216.0,-40.0,939.0
-115.0,4.0,833.0
-388.0,-86.0,994.0
-608.0,10.0,956.0
-447.0,-30.0,1027.0
-241.0,-16.0,1001.0
-91.0,-21.0,1013.0
-89.0,15.0,867.0
-15.0,-3.0,814.0
-40.0,-30.0,681.0
18.0,30.0,560.0
45.0,-19.0,582.0
41.0,-8.0,558.0
42.0,-148.0,707.0
38.0,-296.0,1045.0
-21.0,-352.0,1186.0
53.0,-429.0,1330.0
49.0,-460.0,1378.0
45.0,-455.0,1347.0
-28.0,-438.0,1254.0
-17.0,-416.0,1166.0
-106.0,-366.0,1060.0
-262.0,-351.0,974.0
-468.0,-313.0,854.0
-422.0,-399.0,915.0
-210.0,-354.0,877.0
-80.0,-384.0,872.0
325.0,-439.0,939.0
614.0,-343.0,803.0
686.0,-416.0,873.0
475.0,-410.0,865.0
242.0,-426.0,969.0
138.0,-376.0,1020.0
98.0,-314.0,1131.0
128.0,-308.0,1262.0
150.0,-388.0,1397.0
125.0,-403.0,1346.0
78.0,-317.0,1153.0
86.0,-266.0,941.0
41.0,-166.0,701.0
33.0,-193.0,638.0
-41.0,-153.0,556.0
29.0,-99.0,616.0

-,-,-
81.0,-8.0,814.0
82.0,-94.0,863.0
-2.0,-59.0,652.0
143.0,-112.0,646.0
9.0,-62.0,482.0
155.0,-168.0,637.0
177.0,-139.0,723.0
119.0,-179.0,979.0
47.0,-308.0,1329.0
12.0,-345.0,1454.0
66.0,-416.0,1469.0
111.0,-363.0,1224.0
151.0,-298.0,1065.0
106.0,-355.0,996.0
151.0,-390.0,976.0
314.0,-370.0,946.0
601.0,-331.0,993.0
598.0,-306.0,953.0
427.0,-298.0,875.0
51.0,-366.0,889.0
-365.0,-333.0,805.0
-615.0,-308.0,821.0
-590.0,-324.0,867.0
-515.0,-333.0,911.0
-373.0,-362.0,1043.0
-185.0,-288.0,1035.0
-143.0,-259.0,1120.0
-125.0,-287.0,1230.0
-131.0,-314.0,1248.0
50.0,-336.0,1244.0
-25.0,-214.0,1030.0
-11.0,-239.0,864.0
-25.0,-268.0,817.0
-15.0,-214.0,641.0
22.0,-212.0,615.0
-50.0,-234.0,660.0
-12.0,-160.0,674.0
17.0,-179.0,871.0
-10.0,-214.0,994.0
-155.0,-271.0,1125.0
-280.0,-214.0,1065.0
-460.0,-257.0,1026.0
-355.0,-238.0,1034.0
-260.0,-153.0,931.0
-11.0,59.0,789.0
186.0,-41.0,852.0
465.0,-120.0,989.0
388.0,-39.0,897.0
450.0,-119.0,959.0
372.0,-187.0,993.0
396.0,-217.0,1063.0

-,-,-
129.0,-114.0,810.0
123.0,-111.0,773.0
125.0,-153.0,678.0
22.0,-209.0,619.0
266.0,-39.0,524.0
218.0,-102.0,720.0
159.0,-123.0,900.0
102.0,-303.0,1277.0
116.0,-397.0,1363.0
-42.0,-512.0,1496.0
65.0,-337.0,1207.0
57.0,-399.0,1216.0
72.0,-430.0,1119.0
63.0,-414.0,1011.0
169.0,-383.0,881.0
338.0,-354.0,837.0
568.0,-279.0,857.0
520.0,-266.0,867.0
283.0,-278.0,840.0
-98.0,-376.0,904.0
-448.0,-398.0,837.0
-597.0,-450.0,926.0
-631.0,-463.0,916.0
-429.0,-354.0,885.0
-344.0,-329.0,904.0
-234.0,-359.0,1004.0
-194.0,-263.0,1080.0
-148.0,-365.0,1298.0
-97.0,-365.0,1305.0
-32.0,-323.0,1234.0
-52.0,-206.0,1064.0
55.0,-301.0,974.0
34.0,-398.0,873.0
42.0,-341.0,777.0
60.0,-115.0,551.0
47.0,-183.0,664.0
46.0,-148.0,616.0
65.0,-229.0,801.0
-19.0,-167.0,824.0
-16.0,-130.0,897.0
-32.0,-215.0,1056.0
-195.0,-252.0,1124.0
-292.0,-235.0,1083.0
-590.0,-206.0,883.0

-,-,-
59.0,-10.0,779.0
88.0,-33.0,688.0
4.0,-173.0,688.0
22.0,-125.0,635.0
92.0,-30.0,580.0
175.0,-78.0,747.0
23.0,-171.0,918.0
41.0,-212.0,1011.0
-26.0,-284.0,1127.0
161.0,-352.0,1336.0
30.0,-456.0,1447.0
-57.0,-456.0,1362.0
-54.0,-426.0,1183.0
-14.0,-363.0,982.0
23.0,-406.0,888.0
216.0,-374.0,904.0
407.0,-349.0,940.0
531.0,-287.0,894.0
388.0,-274.0,849.0
160.0,-251.0,770.0
-177.0,-397.0,917.0
-444.0,-426.0,859.0
-549.0,-452.0,886.0
-596.0,-497.0,949.0
-409.0,-429.0,938.0
-313.0,-327.0,868.0
-159.0,-332.0,881.0
-245.0,-354.0,926.0
-178.0,-359.0,1055.0
-135.0,-346.0,1182.0
-55.0,-371.0,1385.0
-67.0,-430.0,1387.0
-17.0,-368.0,1225.0
-50.0,-262.0,1015.0
64.0,-157.0,791.0
-65.0,-370.0,779.0
-66.0,-336.0,740.0
-31.0,-104.0,544.0
12.0,-125.0,611.0
0.0,-35.0,678.0
21.0,-147.0,825.0
-7.0,-186.0,976.0
-162.0,-131.0,1006.0
-325.0,-197.0,1098.0
-419.0,-162.0,1081.0
-470.0,-166.0,1024.0
-311.0,-201.0,1048.0
-216.0,-137.0,889.0
161.0,-112.0,958.0
435.0,-8.0,833.0
526.0,-8.0,872.0
548.0,-103.0,1022.0
334.0,-83.0,974.0

-,-,-
145.0,83.0,557.0
43.0,-124.0,717.0
37.0,-157.0,822.0
70.0,-129.0,1045.0
-2.0,-217.0,1187.0
-30.0,-393.0,1402.0
6.0,-389.0,1387.0
27.0,-325.0,1281.0
-19.0,-366.0,1194.0
11.0,-297.0,1080.0
44.0,-343.0,1072.0
77.0,-388.0,1075.0
210.0,-346.0,1019.0
369.0,-364.0,1034.0
419.0,-311.0,950.0
391.0,-219.0,852.0
206.0,-226.0,840.0
57.0,-246.0,854.0
-204.0,-318.0,918.0
-413.0,-332.0,840.0
-558.0,-367.0,877.0
-452.0,-342.0,888.0
-394.0,-335.0,905.0
-313.0,-329.0,968.0
-247.0,-256.0,1020.0
-149.0,-234.0,1168.0
-94.0,-187.0,1273.0
-89.0,-206.0,1332.0
56.0,-148.0,1267.0
-7.0,-210.0,1178.0
43.0,-247.0,1060.0
113.0,-218.0,857.0
101.0,-247.0,720.0
59.0,-249.0,622.0
-26.0,-222.0,567.0
-96.0,-210.0,684.0
49.0,-201.0,778.0
2.0,-141.0,853.0
-23.0,-109.0,904.0
-187.0,-190.0,1028.0
-277.0,-260.0,1045.0
-569.0,-268.0,904.0
-657.0,-281.0,849.0
-455.0,-276.0,904.0
12.0,-177.0,1068.0

-,-,-
