
-,-,-
414.0,52.0,875.0
295.0,-34.0,913.0
405.0,-76.0,984.0
433.0,-2.0,941.0
349.0,-80.0,955.0
299.0,-20.0,920.0
240.0,-106.0,883.0
145.0,-38.0,880.0
43.0,-107.0,912.0
-11.0,-113.0,1016.0
-128.0,-25.0,877.0
-224.0,-110.0,958.0
-371.0,-6.0,865.0
-445.0,-165.0,893.0
-414.0,-68.0,785.0
-399.0,-204.0,643.0
-126.0,64.0,569.0
52.0,208.0,497.0
18.0,-62.0,844.0
90.0,-16.0,840.0
183.0,-235.0,1010.0
-143.0,-437.0,1143.0
-179.0,-557.0,1406.0
-250.0,-535.0,1437.0
-341.0,-520.0,1283.0
-447.0,-401.0,1102.0
-342.0,-377.0,1136.0
-484.0,-425.0,1013.0
-400.0,-443.0,1002.0
-154.0,-378.0,963.0
-310.0,-375.0,790.0
61.0,-458.0,935.0
136.0,-428.0,814.0
500.0,-393.0,927.0
612.0,-326.0,951.0
546.0,-366.0,1112.0
286.0,-378.0,1125.0
121.0,-344.0,1177.0
-113.0,-295.0,1168.0
-41.0,-267.0,1306.0
-46.0,-238.0,1261.0
-6.0,-236.0,1299.0
30.0,-132.0,1045.0
3.0,-108.0,866.0
29.0,-47.0,712.0
22.0,6.0,546.0
22.0,-20.0,422.0

-,-,-
596.0,-54.0,920.0
538.0,27.0,936.0
475.0,-7.0,981.0
479.0,-29.0,947.0
437.0,31.0,993.0
336.0,-60.0,999.0
237.0,-23.0,858.0
171.0,79.0,880.0
119.0,-119.0,952.0
25.0,50.0,916.0
-47.0,-46.0,932.0
-180.0,29.0,969.0
-126.0,77.0,985.0
-312.0,-41.0,900.0
-403.0,-118.0,863.0
-580.0,9.0,680.0
-277.0,-75.0,737.0
-78.0,28.0,621.0
24.0,134.0,540.0
-160.0,-48.0,515.0
-117.0,-120.0,649.0
-142.0,-126.0,637.0
-44.0,-244.0,884.0
-195.0,-267.0,1065.0
-190.0,-396.0,1455.0
-301.0,-646.0,1902.0
-501.0,-530.0,1687.0
-758.0,-322.0,1258.0
-582.0,-329.0,1105.0
-515.0,-316.0,860.0
-438.0,-423.0,894.0
-122.0,-384.0,1014.0
-156.0,-376.0,773.0
166.0,-360.0,781.0
375.0,-353.0,766.0
747.0,-267.0,1015.0
696.0,-263.0,1172.0
494.0,-264.0,1272.0
246.0,-335.0,1445.0
60.0,-311.0,1446.0
63.0,-186.0,1423.0
100.0,-189.0,1453.0
-25.0,-171.0,1173.0
-74.0,-138.0,898.0
34.0,-106.0,636.0
-97.0,-136.0,517.0

-,-,-
695.0,154.0,762.0
654.0,204.0,725.0
601.0,56.0,908.0
571.0,113.0,949.0
578.0,107.0,925.0
501.0,95.0,905.0
529.0,149.0,988.0
334.0,-117.0,949.0
120.0,34.0,927.0
-56.0,16.0,891.0
-131.0,39.0,927.0
-327.0,185.0,892.0
-274.0,63.0,972.0
-502.0,-20.0,918.0
-519.0,27.0,916.0
-623.0,4.0,836.0
-516.0,-97.0,841.0
-279.0,66.0,619.0
-60.0,120.0,540.0
6.0,87.0,386.0
-235.0,150.0,370.0
133.0,-17.0,566.0
-116.0,57.0,523.0
296.0,-179.0,1080.0
-281.0,-305.0,1142.0
15.0,-592.0,1785.0
-10.0,-451.0,1892.0
-166.0,-262.0,1595.0
-194.0,-308.0,1489.0
-382.0,-254.0,1144.0
-769.0,-232.0,839.0
-610.0,-288.0,915.0
-497.0,-348.0,875.0
-486.0,-406.0,787.0
14.0,-497.0,979.0
82.0,-454.0,773.0
765.0,-284.0,874.0
961.0,-243.0,886.0
894.0,-326.0,1064.0
558.0,-314.0,1078.0
191.0,-286.0,1157.0
57.0,-210.0,1334.0
3.0,-235.0,1570.0
22.0,-199.0,1463.0
-73.0,-192.0,1406.0
49.0,-4.0,1249.0
-7.0,-47.0,1070.0
-95.0,-96.0,878.0
-1.0,-176.0,777.0

-,-,-
538.0,106.0,1100.0
445.0,60.0,941.0
428.0,102.0,837.0
410.0,23.0,870.0
394.0,8.0,894.0
417.0,86.0,985.0
163.0,-31.0,1025.0
-209.0,-13.0,907.0
-361.0,-107.0,979.0
-444.0,5.0,918.0
-408.0,3.0,854.0
-276.0,0.0,674.0
-180.0,125.0,605.0
-144.0,-102.0,662.0
-84.0,-29.0,611.0
-28.0,54.0,808.0
155.0,-85.0,1190.0
-183.0,-399.0,1450.0
-75.0,-449.0,1635.0
-220.0,-177.0,1236.0
-224.0,-167.0,1178.0
-392.0,-209.0,1065.0
-547.0,-217.0,955.0
-236.0,-345.0,1120.0
79.0,-342.0,1010.0
461.0,-228.0,940.0
708.0,-102.0,963.0
741.0,-92.0,1003.0
445.0,-82.0,1000.0
120.0,-151.0,1126.0
47.0,-147.0,1261.0
3.0,-82.0,1374.0
174.0,-55.0,1345.0
-53.0,-99.0,1228.0
0.0,-180.0,1043.0
81.0,52.0,420.0
55.0,-9.0,417.0

-,-,-
402.0,119.0,945.0
275.0,97.0,921.0
285.0,0.0,979.0
312.0,75.0,984.0
387.0,106.0,947.0
352.0,67.0,922.0
299.0,15.0,875.0
344.0,13.0,977.0
159.0,-193.0,1103.0
-19.0,-112.0,1011.0
-251.0,10.0,897.0
-375.0,-58.0,953.0
-506.0,-27.0,891.0
-390.0,-41.0,918.0
-239.0,28.0,807.0
-164.0,-76.0,718.0
-135.0,81.0,607.0
-42.0,27.0,584.0
153.0,-92.0,693.0
-249.0,0.0,610.0
188.0,-227.0,1154.0
-131.0,-118.0,1068.0
24.0,-293.0,1600.0
-123.0,-442.0,1616.0
-256.0,-398.0,1516.0
-380.0,-318.0,1166.0
-574.0,-296.0,903.0
-599.0,-349.0,859.0
-487.0,-347.0,857.0
-360.0,-308.0,825.0
7.0,-415.0,981.0
275.0,-399.0,939.0
820.0,-208.0,1002.0
679.0,-160.0,967.0
306.0,-342.0,1091.0
17.0,-304.0,1107.0
-33.0,-275.0,1225.0
78.0,-219.0,1388.0
-5.0,-183.0,1394.0
13.0,-202.0,1455.0
45.0,-139.0,1227.0
71.0,-129.0,979.0
14.0,-133.0,794.0
27.0,-111.0,508.0

-,-,-
25.0,239.0,709.0
39.0,226.0,545.0
59.0,216.0,436.0
107.0,195.0,471.0
105.0,127.0,458.0
112.0,80.0,602.0
-3.0,50.0,619.0
27.0,-158.0,883.0
-116.0,-77.0,848.0
233.0,-153.0,1137.0
14.0,-156.0,1269.0
216.0,-383.0,1569.0
141.0,-296.0,1566.0
268.0,-385.0,1520.0
425.0,-360.0,1232.0
298.0,-221.0,988.0
387.0,-289.0,1055.0
350.0,-252.0,987.0
192.0,-229.0,972.0
-155.0,-397.0,977.0
-610.0,-455.0,1017.0
-683.0,-345.0,1011.0
-458.0,-243.0,1157.0
-330.0,-224.0,1275.0
-113.0,-106.0,1347.0
-102.0,-57.0,1352.0
-38.0,-67.0,1312.0
-59.0,-235.0,1310.0
-43.0,-150.0,975.0
-18.0,-139.0,715.0
10.0,-34.0,435.0
18.0,206.0,249.0
-133.0,134.0,325.0
-314.0,-72.0,684.0
-339.0,-49.0,809.0
-533.0,44.0,830.0
-377.0,25.0,1032.0
-246.0,-2.0,1139.0
60.0,-48.0,1232.0
169.0,-57.0,1033.0
546.0,9.0,902.0
818.0,114.0,1012.0
862.0,126.0,862.0
618.0,-25.0,1060.0

-,-,-
18.0,133.0,503.0
7.0,116.0,541.0
52.0,133.0,561.0
158.0,52.0,616.0
-107.0,91.0,539.0
82.0,-47.0,683.0
-56.0,-2.0,702.0
-30.0,-202.0,902.0
14.0,-140.0,910.0
84.0,-232.0,1024.0
-6.0,-293.0,1257.0
-25.0,-549.0,1664.0
57.0,-558.0,1773.0
-12.0,-428.0,1525.0
134.0,-381.0,1270.0
245.0,-265.0,892.0
350.0,-247.0,817.0
508.0,-263.0,946.0
447.0,-312.0,916.0
337.0,-288.0,886.0
213.0,-344.0,929.0
82.0,-492.0,1002.0
-315.0,-458.0,874.0
-768.0,-450.0,801.0
-897.0,-365.0,880.0
-684.0,-321.0,965.0
-385.0,-204.0,1127.0
-155.0,-233.0,1395.0
-137.0,-221.0,1472.0
-200.0,-179.0,1342.0
-186.0,-129.0,1423.0
-234.0,-128.0,1246.0
-176.0,-106.0,964.0
-177.0,-244.0,877.0
-12.0,-222.0,636.0
17.0,1.0,312.0
-73.0,130.0,305.0
-126.0,124.0,311.0
-193.0,93.0,667.0
-310.0,38.0,867.0
-438.0,76.0,874.0
-353.0,86.0,1042.0
-330.0,36.0,1067.0
-321.0,-32.0,943.0
183.0,-102.0,1009.0
293.0,22.0,822.0
902.0,10.0,1070.0

-,-,-
27.0,188.0,497.0
71.0,153.0,539.0
168.0,135.0,552.0
17.0,72.0,546.0
25.0,-63.0,665.0
-170.0,-88.0,721.0
-42.0,-155.0,840.0
-154.0,-167.0,938.0
-7.0,-320.0,1187.0
6.0,-292.0,1328.0
113.0,-524.0,1603.0
173.0,-449.0,1524.0
260.0,-472.0,1429.0
208.0,-347.0,1081.0
453.0,-210.0,1131.0
349.0,-309.0,1137.0
343.0,-268.0,963.0
236.0,-209.0,793.0
142.0,-264.0,793.0
-261.0,-372.0,888.0
-782.0,-564.0,944.0
-1009.0,-477.0,801.0
-737.0,-287.0,875.0
-395.0,-187.0,965.0
-162.0,-90.0,1150.0
-82.0,-186.0,1422.0
-199.0,-141.0,1448.0
-192.0,-189.0,1586.0
-176.0,-178.0,1362.0
-162.0,-282.0,1229.0
-113.0,-127.0,858.0
-96.0,-110.0,600.0
-30.0,-13.0,411.0
-173.0,65.0,225.0
-101.0,-66.0,445.0
-235.0,102.0,531.0
-247.0,-10.0,889.0
-253.0,-14.0,1051.0
-504.0,39.0,859.0
-233.0,-9.0,1065.0
-226.0,39.0,894.0
180.0,-41.0,1031.0
603.0,57.0,1031.0
483.0,60.0,934.0
676.0,-6.0,1004.0
577.0,64.0,979.0

-,-,-
-1.0,135.0,609.0
58.0,182.0,613.0
100.0,152.0,569.0
-42.0,95.0,518.0
10.0,21.0,601.0
29.0,79.0,693.0
103.0,-99.0,875.0
84.0,-124.0,870.0
-94.0,-129.0,1042.0
107.0,-289.0,1351.0
44.0,-423.0,1607.0
125.0,-476.0,1670.0
128.0,-346.0,1319.0
273.0,-287.0,1195.0
431.0,-270.0,1089.0
418.0,-218.0,974.0
436.0,-231.0,992.0
362.0,-265.0,917.0
157.0,-319.0,916.0
-8.0,-473.0,1092.0
-445.0,-482.0,995.0
-623.0,-450.0,1070.0
-682.0,-356.0,955.0
-526.0,-296.0,859.0
-284.0,-173.0,832.0
-101.0,-159.0,921.0
0.0,-139.0,1149.0
41.0,-133.0,1378.0
-282.0,-220.0,1443.0
-160.0,-215.0,1440.0
-96.0,-75.0,1224.0
-26.0,-36.0,1031.0
-19.0,-55.0,812.0
-75.0,-88.0,507.0
-80.0,-50.0,478.0
-265.0,100.0,311.0
-186.0,-112.0,703.0
-228.0,-11.0,758.0
-185.0,30.0,985.0
-237.0,99.0,980.0
-194.0,39.0,1092.0
-113.0,-9.0,1115.0
98.0,-26.0,1141.0
386.0,47.0,994.0
482.0,116.0,938.0
337.0,95.0,720.0
541.0,81.0,922.0
425.0,178.0,810.0
389.0,80.0,833.0
396.0,50.0,999.0

-,-,-
479.0,136.0,973.0
455.0,105.0,985.0
456.0,32.0,1008.0
440.0,63.0,984.0
411.0,72.0,878.0
367.0,56.0,937.0
248.0,9.0,987.0
178.0,-28.0,982.0
-31.0,-2.0,916.0
-258.0,-88.0,930.0
-486.0,-60.0,873.0
-470.0,-11.0,790.0
-271.0,-34.0,649.0
-167.0,90.0,504.0
77.0,85.0,510.0
-70.0,46.0,553.0
-140.0,-108.0,542.0
-184.0,-167.0,748.0
71.0,-300.0,1238.0
-141.0,-594.0,1518.0
-564.0,-551.0,1620.0
-538.0,-547.0,1542.0
-509.0,-441.0,1210.0
-414.0,-440.0,1097.0
-312.0,-449.0,935.0
-120.0,-411.0,971.0
39.0,-423.0,920.0
354.0,-382.0,993.0
613.0,-348.0,1060.0
814.0,-368.0,1089.0
457.0,-219.0,857.0
220.0,-312.0,1060.0
130.0,-326.0,1200.0
146.0,-298.0,1336.0
92.0,-251.0,1262.0
100.0,-190.0,1291.0
76.0,-172.0,1202.0
113.0,-217.0,1147.0
37.0,-74.0,961.0
-4.0,-50.0,824.0
63.0,-29.0,702.0
1.0,9.0,459.0

-,-,-
539.0,163.0,951.0
580.0,127.0,921.0
559.0,136.0,895.0
558.0,140.0,912.0
532.0,103.0,923.0
510.0,58.0,843.0
480.0,37.0,912.0
304.0,-41.0,828.0
170.0,31.0,854.0
76.0,-94.0,925.0
-119.0,31.0,926.0
-305.0,-48.0,950.0
-575.0,34.0,871.0
-391.0,-30.0,918.0
-332.0,-15.0,900.0
-122.0,-79.0,904.0
-72.0,-27.0,660.0
-135.0,64.0,534.0
-106.0,7.0,465.0
55.0,-30.0,592.0
-41.0,-104.0,733.0
-44.0,-416.0,1203.0
-32.0,-537.0,1579.0
-306.0,-580.0,1512.0
-423.0,-517.0,1470.0
-368.0,-496.0,1403.0
-499.0,-385.0,1083.0
-263.0,-462.0,1118.0
-187.0,-396.0,965.0
21.0,-453.0,916.0
379.0,-416.0,953.0
541.0,-263.0,904.0
520.0,-323.0,888.0
395.0,-374.0,883.0
312.0,-338.0,948.0
169.0,-338.0,1104.0
162.0,-377.0,1336.0
56.0,-302.0,1383.0
96.0,-287.0,1463.0
41.0,-185.0,1331.0
56.0,-112.0,1109.0
-2.0,-181.0,1044.0
-120.0,-215.0,807.0
38.0,-113.0,523.0

-,-,-
600.0,104.0,1092.0
657.0,54.0,1122.0
648.0,54.0,1066.0
668.0,23.0,1017.0
657.0,55.0,917.0
632.0,64.0,824.0
582.0,31.0,825.0
538.0,-25.0,822.0
415.0,21.0,865.0
202.0,-102.0,960.0
34.0,-147.0,1020.0
-103.0,-72.0,953.0
-241.0,-7.0,885.0
-231.0,43.0,940.0
-395.0,50.0,939.0
-516.0,50.0,806.0
-317.0,-23.0,840.0
-234.0,36.0,607.0
-62.0,45.0,595.0
-97.0,44.0,387.0
-221.0,32.0,364.0
-4.0,-139.0,761.0
-270.0,-201.0,630.0
-20.0,-420.0,1456.0
-126.0,-384.0,1275.0
108.0,-377.0,1635.0
1.0,-404.0,1616.0
-179.0,-406.0,1421.0
-312.0,-431.0,1320.0
-315.0,-451.0,1174.0
-401.0,-319.0,908.0
-521.0,-256.0,748.0
-161.0,-396.0,971.0
-181.0,-318.0,804.0
308.0,-309.0,825.0
803.0,-375.0,1049.0
604.0,-407.0,931.0
272.0,-310.0,828.0
145.0,-298.0,916.0
105.0,-281.0,1190.0
69.0,-259.0,1444.0
103.0,-298.0,1594.0
41.0,-275.0,1576.0
105.0,-223.0,1437.0
122.0,-116.0,1169.0
14.0,-88.0,769.0
-28.0,-42.0,437.0
-137.0,-56.0,430.0

-,-,-
158.0,214.0,604.0
110.0,184.0,666.0
10.0,216.0,475.0
103.0,197.0,498.0
10.0,168.0,455.0
3.0,51.0,552.0
15.0,18.0,670.0
-51.0,-37.0,644.0
43.0,-64.0,789.0
-71.0,-233.0,936.0
93.0,-367.0,1223.0
26.0,-371.0,1237.0
47.0,-366.0,1472.0
102.0,-448.0,1485.0
-41.0,-388.0,1326.0
248.0,-411.0,1336.0
238.0,-302.0,1008.0
375.0,-331.0,1076.0
492.0,-351.0,1078.0
388.0,-328.0,998.0
386.0,-376.0,1003.0
93.0,-380.0,928.0
-208.0,-341.0,897.0
-598.0,-444.0,882.0
-747.0,-436.0,875.0
-702.0,-255.0,928.0
-339.0,-263.0,1005.0
-123.0,-237.0,1184.0
-110.0,-194.0,1203.0
-80.0,-129.0,1267.0
-79.0,-126.0,1375.0
-95.0,-185.0,1399.0
9.0,-257.0,1470.0
-75.0,-199.0,1008.0
47.0,-142.0,752.0
-91.0,-72.0,538.0
-52.0,-50.0,376.0
-83.0,-62.0,403.0
-229.0,-61.0,489.0
-232.0,23.0,667.0
-352.0,-49.0,868.0
-410.0,-37.0,993.0
-575.0,28.0,782.0
-403.0,-88.0,891.0
-221.0,72.0,768.0
208.0,-82.0,921.0
395.0,-304.0,1064.0
779.0,-221.0,1089.0

-,-,-
76.0,384.0,492.0
13.0,201.0,586.0
32.0,171.0,613.0
61.0,64.0,709.0
47.0,51.0,646.0
-4.0,51.0,556.0
-49.0,12.0,571.0
-26.0,-54.0,604.0
-12.0,-120.0,736.0
19.0,-205.0,832.0
-120.0,-276.0,1058.0
55.0,-428.0,1306.0
-51.0,-410.0,1441.0
191.0,-546.0,1590.0
245.0,-440.0,1536.0
420.0,-484.0,1479.0
315.0,-426.0,1160.0
312.0,-361.0,1017.0
384.0,-336.0,998.0
179.0,-309.0,923.0
-60.0,-390.0,916.0
-479.0,-479.0,846.0
-777.0,-406.0,753.0
-638.0,-369.0,795.0
-560.0,-279.0,808.0
-316.0,-315.0,1066.0
-220.0,-282.0,1129.0
-184.0,-182.0,1207.0
-104.0,-246.0,1420.0
-140.0,-265.0,1425.0
-92.0,-205.0,1394.0
-181.0,-239.0,1229.0
-114.0,-272.0,968.0
-3.0,-264.0,871.0
24.0,-201.0,587.0
1.0,-163.0,441.0
-40.0,-9.0,386.0
-143.0,-11.0,563.0
-116.0,-52.0,814.0
-219.0,-59.0,985.0
-395.0,-62.0,1014.0
-495.0,10.0,926.0
-379.0,-76.0,977.0
-387.0,-74.0,808.0
-20.0,-41.0,715.0
386.0,-11.0,822.0
974.0,-31.0,1080.0
869.0,57.0,961.0

-,-,-
132.0,151.0,559.0
96.0,159.0,547.0
67.0,129.0,537.0
76.0,54.0,590.0
127.0,72.0,473.0
-36.0,116.0,526.0
222.0,-19.0,733.0
-16.0,33.0,709.0
14.0,-167.0,880.0
94.0,-242.0,1074.0
-162.0,-325.0,1200.0
82.0,-487.0,1553.0
-85.0,-526.0,1536.0
100.0,-440.0,1444.0
52.0,-317.0,1276.0
175.0,-329.0,1209.0
251.0,-364.0,1127.0
370.0,-247.0,1006.0
362.0,-269.0,970.0
291.0,-267.0,1009.0
195.0,-274.0,977.0
-159.0,-361.0,969.0
-219.0,-457.0,1030.0
-553.0,-304.0,776.0
-641.0,-365.0,1016.0
-579.0,-258.0,801.0
-432.0,-228.0,939.0
-187.0,-191.0,1083.0
-105.0,-191.0,1280.0
-66.0,-193.0,1359.0
-12.0,-137.0,1400.0
-170.0,-180.0,1401.0
-104.0,-113.0,1309.0
-125.0,-172.0,1078.0
39.0,-170.0,904.0
58.0,-86.0,576.0
198.0,43.0,333.0
77.0,140.0,445.0
0.0,68.0,521.0
-229.0,9.0,749.0
-318.0,-56.0,930.0
-415.0,-26.0,909.0
-530.0,48.0,812.0
-317.0,-7.0,861.0
122.0,9.0,877.0
432.0,-59.0,969.0
941.0,6.0,1103.0

-,-,-
-26.0,313.0,630.0
41.0,245.0,611.0
52.0,287.0,602.0
147.0,134.0,650.0
91.0,125.0,568.0
138.0,123.0,489.0
106.0,36.0,561.0
-89.0,51.0,576.0
86.0,-139.0,963.0
-211.0,-192.0,957.0
17.0,-302.0,1194.0
-126.0,-367.0,1313.0
119.0,-420.0,1561.0
21.0,-371.0,1569.0
21.0,-453.0,1546.0
167.0,-454.0,1272.0
241.0,-319.0,1177.0
344.0,-290.0,1049.0
377.0,-279.0,987.0
331.0,-281.0,910.0
266.0,-346.0,893.0
-168.0,-369.0,856.0
-504.0,-347.0,807.0
-664.0,-359.0,789.0
-721.0,-418.0,885.0
-420.0,-349.0,988.0
-198.0,-270.0,1075.0
-106.0,-243.0,1247.0
-83.0,-245.0,1341.0
-117.0,-198.0,1344.0
-62.0,-170.0,1371.0
-84.0,-65.0,1299.0
5.0,-73.0,1087.0
5.0,-165.0,990.0
56.0,-115.0,817.0
79.0,-1.0,584.0
133.0,-3.0,563.0
27.0,128.0,439.0
-158.0,24.0,599.0
-251.0,-67.0,749.0
-347.0,15.0,795.0
-331.0,29.0,885.0
-341.0,110.0,837.0
-339.0,122.0,830.0
6.0,-207.0,1207.0
483.0,-140.0,1107.0
770.0,103.0,866.0

-,-,-
69.0,181.0,522.0
88.0,199.0,534.0
112.0,168.0,590.0
145.0,86.0,597.0
50.0,74.0,595.0
-39.0,130.0,613.0
29.0,2.0,833.0
98.0,-152.0,1035.0
204.0,-240.0,1110.0
23.0,-250.0,1069.0
-128.0,-218.0,1060.0
214.0,-430.0,1281.0
-61.0,-105.0,1191.0
33.0,-311.0,1448.0
161.0,-341.0,1403.0
232.0,-290.0,1234.0
266.0,-251.0,1050.0
383.0,-243.0,949.0
494.0,-209.0,836.0
464.0,-229.0,864.0
463.0,-260.0,891.0
217.0,-308.0,867.0
12.0,-407.0,918.0
-25.0,-395.0,990.0
-340.0,-352.0,962.0
-489.0,-390.0,1057.0
-504.0,-324.0,986.0
-461.0,-272.0,989.0
-175.0,-232.0,1056.0
-3.0,-219.0,1192.0
-17.0,-165.0,1213.0
59.0,-150.0,1289.0
39.0,-175.0,1466.0
-64.0,-132.0,1436.0
-116.0,-174.0,1329.0
-33.0,-179.0,1016.0
-17.0,-179.0,732.0
48.0,-154.0,573.0
-15.0,74.0,276.0
-74.0,-23.0,452.0
-169.0,-35.0,615.0
-241.0,-41.0,729.0
-338.0,20.0,823.0
-332.0,61.0,965.0
-268.0,84.0,1011.0
-187.0,-10.0,968.0
160.0,-62.0,961.0
507.0,-74.0,1043.0
749.0,-66.0,1110.0

-,-,-
147.0,266.0,489.0
163.0,304.0,476.0
179.0,253.0,522.0
179.0,165.0,556.0
142.0,157.0,560.0
91.0,0.0,467.0
-88.0,35.0,558.0
12.0,-203.0,848.0
-72.0,-237.0,950.0
46.0,-360.0,1195.0
-136.0,-397.0,1213.0
24.0,-443.0,1424.0
64.0,-404.0,1364.0
35.0,-457.0,1291.0
105.0,-409.0,1238.0
298.0,-450.0,1275.0
353.0,-383.0,1072.0
445.0,-377.0,1037.0
519.0,-323.0,955.0
552.0,-387.0,1043.0
415.0,-436.0,1011.0
169.0,-443.0,956.0
-320.0,-483.0,936.0
-793.0,-552.0,854.0
-874.0,-380.0,783.0
-531.0,-246.0,768.0
-240.0,-169.0,851.0
-118.0,-193.0,1042.0
-115.0,-222.0,1199.0
-131.0,-240.0,1314.0
-131.0,-256.0,1466.0
-86.0,-254.0,1484.0
-83.0,-161.0,1404.0
-148.0,-217.0,1248.0
-9.0,-261.0,1139.0
10.0,-174.0,713.0
56.0,-44.0,419.0
121.0,69.0,370.0
30.0,172.0,345.0
-6.0,121.0,578.0
-206.0,63.0,700.0
-363.0,35.0,844.0
-434.0,0.0,849.0
-488.0,64.0,736.0
-110.0,14.0,1007.0
204.0,44.0,1080.0
387.0,40.0,1025.0
777.0,-113.0,1287.0
554.0,90.0,908.0

-,-,-
57.0,203.0,611.0
187.0,263.0,633.0
115.0,269.0,608.0
220.0,144.0,610.0
144.0,137.0,576.0
91.0,62.0,488.0
-4.0,50.0,509.0
37.0,-49.0,696.0
-67.0,-116.0,840.0
-3.0,-256.0,1063.0
-199.0,-220.0,1131.0
96.0,-463.0,1418.0
-115.0,-358.0,1401.0
262.0,-477.0,1541.0
258.0,-411.0,1366.0
304.0,-269.0,1257.0
426.0,-364.0,1255.0
220.0,-359.0,1127.0
286.0,-343.0,1017.0
108.0,-342.0,989.0
-160.0,-293.0,869.0
-564.0,-343.0,808.0
-761.0,-388.0,752.0
-875.0,-354.0,769.0
-555.0,-260.0,843.0
-242.0,-210.0,1035.0
-112.0,-254.0,1253.0
-83.0,-220.0,1321.0
-159.0,-155.0,1408.0
-109.0,-280.0,1502.0
-268.0,-279.0,1355.0
-135.0,-237.0,1135.0
-144.0,-176.0,923.0
54.0,-95.0,595.0
-1.0,-11.0,464.0
81.0,62.0,358.0
-90.0,74.0,454.0
-104.0,60.0,704.0
-147.0,75.0,821.0
-361.0,41.0,912.0
-476.0,159.0,886.0
-513.0,91.0,950.0
-312.0,51.0,895.0
39.0,-19.0,849.0
647.0,-66.0,984.0
1062.0,7.0,1139.0

-,-,-
66.0,214.0,653.0
114.0,142.0,677.0
92.0,97.0,609.0
74.0,177.0,551.0
121.0,104.0,574.0
48.0,45.0,544.0
51.0,-4.0,542.0
170.0,-76.0,713.0
-100.0,-43.0,633.0
106.0,-182.0,910.0
-14.0,-122.0,1072.0
-85.0,-324.0,1451.0
133.0,-461.0,1680.0
230.0,-540.0,1666.0
236.0,-325.0,1403.0
376.0,-306.0,1201.0
361.0,-339.0,1097.0
374.0,-278.0,979.0
376.0,-338.0,1009.0
202.0,-312.0,886.0
87.0,-342.0,842.0
-238.0,-351.0,814.0
-729.0,-346.0,703.0
-839.0,-417.0,921.0
-633.0,-308.0,888.0
-322.0,-257.0,1032.0
-210.0,-207.0,1087.0
-51.0,-181.0,1287.0
-91.0,-123.0,1430.0
-148.0,-320.0,1557.0
-144.0,-307.0,1356.0
-100.0,-236.0,1040.0
11.0,-246.0,760.0
3.0,-58.0,452.0
13.0,-82.0,412.0
-129.0,-17.0,488.0
-27.0,-45.0,720.0
-55.0,20.0,863.0
-152.0,-13.0,1060.0
-269.0,-11.0,1141.0
-490.0,-25.0,971.0
-574.0,-37.0,814.0
-187.0,-72.0,691.0
290.0,-55.0,761.0
768.0,-71.0,1033.0

-,-,-
618.0,301.0,957.0
586.0,213.0,982.0
491.0,125.0,1000.0
494.0,106.0,1015.0
496.0,93.0,998.0
392.0,56.0,997.0
269.0,77.0,980.0
67.0,-10.0,893.0
-142.0,103.0,895.0
-306.0,20.0,959.0
-522.0,-32.0,907.0
-529.0,-11.0,832.0
-386.0,48.0,671.0
-143.0,82.0,581.0
-57.0,139.0,505.0
-282.0,113.0,376.0
31.0,-5.0,653.0
28.0,-83.0,798.0
108.0,-312.0,1157.0
-182.0,-407.0,1452.0
0.0,-426.0,1615.0
-32.0,-373.0,1584.0
-58.0,-339.0,1573.0
-284.0,-362.0,1309.0
-563.0,-319.0,1025.0
-515.0,-327.0,916.0
-328.0,-301.0,898.0
-156.0,-296.0,803.0
-117.0,-273.0,656.0
354.0,-337.0,902.0
611.0,-208.0,907.0
772.0,-286.0,1179.0
435.0,-296.0,1163.0
120.0,-254.0,1148.0
32.0,-257.0,1302.0
113.0,-312.0,1457.0
44.0,-247.0,1464.0
9.0,-242.0,1319.0
-35.0,-185.0,1150.0
9.0,-119.0,948.0
102.0,-37.0,681.0
0.0,38.0,473.0
15.0,167.0,409.0

-,-,-
272.0,145.0,955.0
316.0,127.0,1010.0
399.0,106.0,1035.0
394.0,71.0,1010.0
443.0,66.0,961.0
513.0,91.0,918.0
442.0,99.0,910.0
420.0,9.0,1019.0
223.0,1.0,940.0
69.0,-39.0,923.0
-70.0,40.0,885.0
-221.0,25.0,907.0
-386.0,18.0,1017.0
-449.0,35.0,904.0
-349.0,78.0,811.0
-203.0,139.0,697.0
-40.0,54.0,657.0
-33.0,112.0,619.0
-10.0,74.0,504.0
-23.0,10.0,578.0
71.0,-109.0,643.0
-105.0,-121.0,910.0
-90.0,-295.0,1021.0
-219.0,-522.0,1384.0
-229.0,-668.0,1656.0
-257.0,-533.0,1567.0
-453.0,-402.0,1283.0
-409.0,-429.0,1140.0
-441.0,-374.0,928.0
-444.0,-390.0,909.0
-300.0,-409.0,849.0
154.0,-450.0,960.0
159.0,-389.0,813.0
624.0,-420.0,985.0
779.0,-335.0,1028.0
565.0,-346.0,1045.0
247.0,-404.0,1158.0
167.0,-407.0,1325.0
118.0,-417.0,1425.0
64.0,-367.0,1420.0
8.0,-317.0,1360.0
-63.0,-254.0,1264.0
-54.0,-215.0,1107.0
-64.0,-176.0,776.0
-65.0,-76.0,470.0
10.0,42.0,383.0
103.0,70.0,451.0

-,-,-
97.0,255.0,603.0
122.0,191.0,580.0
134.0,154.0,584.0
86.0,91.0,596.0
-41.0,33.0,622.0
51.0,52.0,651.0
15.0,111.0,715.0
226.0,-50.0,863.0
-130.0,-8.0,837.0
14.0,-243.0,1155.0
99.0,-203.0,1350.0
37.0,-255.0,1402.0
303.0,-425.0,1592.0
328.0,-451.0,1586.0
262.0,-371.0,1267.0
322.0,-285.0,1025.0
386.0,-262.0,907.0
448.0,-267.0,944.0
395.0,-270.0,953.0
226.0,-255.0,822.0
0.0,-354.0,949.0
-377.0,-392.0,897.0
-583.0,-302.0,843.0
-662.0,-453.0,982.0
-340.0,-376.0,1100.0
101.0,-172.0,1259.0
24.0,-203.0,1371.0
-168.0,-243.0,1411.0
-120.0,-250.0,1386.0
-81.0,-215.0,1358.0
55.0,-176.0,1213.0
95.0,-217.0,912.0
32.0,-148.0,580.0
-127.0,-43.0,363.0
-133.0,-106.0,510.0
-113.0,-61.0,670.0
-44.0,-8.0,783.0
-149.0,62.0,925.0
-144.0,83.0,1042.0
-204.0,62.0,994.0
-210.0,18.0,915.0
-271.0,-23.0,627.0
85.0,-126.0,709.0
743.0,-55.0,872.0
1118.0,-105.0,1171.0
1112.0,13.0,1008.0

-,-,-
-26.0,301.0,563.0
50.0,261.0,516.0
137.0,228.0,550.0
109.0,152.0,476.0
177.0,137.0,580.0
74.0,171.0,355.0
94.0,126.0,687.0
193.0,-36.0,798.0
-122.0,-4.0,776.0
118.0,-214.0,1123.0
61.0,-206.0,1307.0
198.0,-430.0,1510.0
186.0,-342.0,1462.0
290.0,-382.0,1467.0
392.0,-387.0,1246.0
343.0,-291.0,1045.0
398.0,-232.0,994.0
363.0,-327.0,1028.0
250.0,-329.0,984.0
66.0,-421.0,1016.0
-340.0,-438.0,1006.0
-711.0,-473.0,913.0
-695.0,-429.0,901.0
-578.0,-280.0,883.0
-96.0,-270.0,1150.0
-37.0,-227.0,1166.0
-104.0,-182.0,1320.0
-115.0,-242.0,1421.0
-135.0,-271.0,1414.0
-72.0,-254.0,1321.0
-185.0,-326.0,1202.0
1.0,-400.0,910.0
5.0,-171.0,525.0
18.0,150.0,187.0
53.0,186.0,360.0
-25.0,35.0,552.0
-231.0,-72.0,801.0
-193.0,-8.0,967.0
-373.0,46.0,968.0
-477.0,66.0,867.0
-329.0,22.0,944.0
-75.0,-61.0,963.0
-95.0,-21.0,771.0
346.0,-131.0,849.0

-,-,-
348.0,76.0,921.0
408.0,47.0,958.0
452.0,27.0,947.0
515.0,23.0,964.0
520.0,14.0,947.0
558.0,-4.0,989.0
504.0,-34.0,1040.0
270.0,-61.0,950.0
105.0,-85.0,835.0
-22.0,5.0,840.0
-258.0,26.0,829.0
-485.0,67.0,841.0
-475.0,3.0,882.0
-431.0,62.0,835.0
-257.0,45.0,799.0
-198.0,102.0,675.0
-90.0,164.0,673.0
-42.0,50.0,621.0
-194.0,82.0,482.0
7.0,68.0,552.0
-73.0,-87.0,555.0
-84.0,-209.0,843.0
-188.0,-544.0,1190.0
-35.0,-640.0,1601.0
-63.0,-506.0,1542.0
-377.0,-428.0,1397.0
-412.0,-487.0,1289.0
-550.0,-440.0,1129.0
-575.0,-419.0,1041.0
-443.0,-448.0,878.0
-187.0,-499.0,929.0
59.0,-439.0,822.0
331.0,-411.0,852.0
629.0,-369.0,965.0
385.0,-300.0,926.0
272.0,-388.0,1059.0
63.0,-369.0,1209.0
9.0,-410.0,1382.0
47.0,-438.0,1473.0
72.0,-376.0,1415.0
93.0,-327.0,1281.0
10.0,-219.0,1190.0
9.0,-295.0,1100.0
0.0,-195.0,616.0
-8.0,-7.0,259.0
50.0,143.0,271.0
110.0,179.0,406.0

-,-,-
621.0,117.0,1013.0
586.0,109.0,971.0
573.0,34.0,946.0
584.0,-40.0,993.0
648.0,2.0,967.0
677.0,10.0,913.0
623.0,-13.0,895.0
539.0,-45.0,780.0
440.0,109.0,763.0
323.0,82.0,798.0
54.0,-28.0,907.0
-215.0,-53.0,915.0
-425.0,21.0,828.0
-447.0,86.0,780.0
-336.0,115.0,811.0
-183.0,63.0,745.0
-125.0,43.0,653.0
-202.0,158.0,511.0
26.0,77.0,590.0
54.0,-1.0,639.0
68.0,-107.0,679.0
-282.0,-395.0,806.0
-117.0,-247.0,968.0
-258.0,-241.0,1043.0
-486.0,-475.0,1451.0
-410.0,-630.0,1653.0
-562.0,-462.0,1457.0
-666.0,-515.0,1268.0
-486.0,-504.0,1173.0
-467.0,-419.0,937.0
-499.0,-432.0,732.0
-94.0,-491.0,891.0
-39.0,-503.0,723.0
431.0,-502.0,872.0
606.0,-362.0,835.0
667.0,-439.0,1023.0
532.0,-453.0,1100.0
254.0,-351.0,1142.0
128.0,-423.0,1336.0
87.0,-410.0,1406.0
-17.0,-351.0,1473.0
6.0,-412.0,1464.0
-50.0,-307.0,1321.0
15.0,-208.0,1203.0
97.0,-217.0,1011.0
-9.0,-176.0,568.0
-30.0,-39.0,277.0
-71.0,136.0,143.0
17.0,98.0,375.0

-,-,-
732.0,159.0,837.0
674.0,185.0,808.0
661.0,146.0,813.0
617.0,-11.0,966.0
537.0,70.0,995.0
575.0,72.0,993.0
389.0,107.0,828.0
371.0,161.0,851.0
168.0,61.0,831.0
15.0,15.0,830.0
-60.0,170.0,810.0
-173.0,84.0,895.0
-470.0,124.0,844.0
-383.0,-9.0,1035.0
-421.0,32.0,891.0
-208.0,75.0,842.0
-62.0,112.0,697.0
-186.0,199.0,416.0
-68.0,224.0,350.0
129.0,108.0,355.0
69.0,118.0,457.0
152.0,-203.0,686.0
-165.0,-328.0,876.0
222.0,-714.0,1583.0
-412.0,-435.0,1332.0
-89.0,-687.0,1847.0
-255.0,-537.0,1565.0
-93.0,-615.0,1754.0
16.0,-595.0,1575.0
-231.0,-488.0,1120.0
-454.0,-377.0,819.0
-430.0,-406.0,651.0
-44.0,-310.0,708.0
305.0,-377.0,688.0
914.0,-434.0,961.0
697.0,-272.0,771.0
743.0,-278.0,1005.0
458.0,-243.0,1098.0
452.0,-344.0,1487.0
352.0,-399.0,1670.0
217.0,-335.0,1592.0
145.0,-373.0,1498.0
157.0,-270.0,1301.0
116.0,-158.0,945.0
-43.0,5.0,465.0
-165.0,-34.0,334.0
-196.0,96.0,88.0

-,-,-
374.0,256.0,881.0
366.0,96.0,996.0
735.0,37.0,1109.0
811.0,75.0,974.0
820.0,104.0,862.0
801.0,24.0,930.0
746.0,-76.0,982.0
628.0,-133.0,1025.0
417.0,-94.0,945.0
247.0,-123.0,935.0
-53.0,-124.0,889.0
-184.0,-71.0,926.0
-320.0,-16.0,818.0
-453.0,-135.0,845.0
-487.0,-156.0,945.0
-651.0,-139.0,814.0
-596.0,-200.0,873.0
-569.0,-89.0,661.0
-392.0,-95.0,648.0
-343.0,48.0,516.0
-148.0,33.0,564.0
-208.0,53.0,394.0
-150.0,94.0,585.0
-116.0,-133.0,637.0
-297.0,-174.0,732.0
-73.0,-423.0,1145.0
29.0,-447.0,1430.0
-521.0,-603.0,1503.0
-300.0,-572.0,1845.0
-452.0,-439.0,1707.0
-803.0,-535.0,1361.0
-771.0,-503.0,977.0
-647.0,-393.0,712.0
-429.0,-460.0,732.0
-321.0,-446.0,626.0
-133.0,-455.0,587.0
315.0,-436.0,796.0
754.0,-349.0,928.0
914.0,-418.0,1115.0
625.0,-508.0,1242.0
179.0,-379.0,1189.0
113.0,-357.0,1396.0
105.0,-381.0,1483.0
11.0,-299.0,1509.0
20.0,-302.0,1519.0
24.0,-320.0,1392.0
-73.0,-141.0,948.0
-48.0,-159.0,567.0
-166.0,9.0,108.0

-,-,-
572.0,10.0,1104.0
721.0,9.0,1041.0
767.0,-14.0,1035.0
697.0,-34.0,991.0
672.0,-35.0,941.0
565.0,-70.0,889.0
615.0,-81.0,970.0
436.0,-25.0,901.0
371.0,-124.0,1021.0
211.0,-152.0,1021.0
-63.0,-146.0,932.0
-434.0,-146.0,801.0
-752.0,-229.0,720.0
-828.0,-213.0,790.0
-617.0,-127.0,872.0
-419.0,-100.0,880.0
-305.0,-195.0,779.0
-277.0,-71.0,684.0
-61.0,-55.0,683.0
57.0,-4.0,552.0
5.0,61.0,540.0
-391.0,204.0,523.0
-271.0,4.0,439.0
-70.0,-89.0,773.0
-287.0,-187.0,897.0
35.0,-602.0,1699.0
-265.0,-715.0,1861.0
-160.0,-541.0,1693.0
-409.0,-388.0,1328.0
-359.0,-398.0,1257.0
-462.0,-373.0,1011.0
-662.0,-364.0,814.0
-786.0,-428.0,758.0
-743.0,-377.0,673.0
-578.0,-394.0,812.0
-419.0,-570.0,790.0
68.0,-693.0,956.0
539.0,-462.0,830.0
828.0,-340.0,860.0
773.0,-431.0,986.0
532.0,-426.0,1022.0
381.0,-317.0,1080.0
231.0,-320.0,1316.0
190.0,-264.0,1518.0
251.0,-339.0,1559.0
81.0,-239.0,1524.0
141.0,-262.0,1495.0
118.0,-96.0,1246.0
64.0,-46.0,839.0
65.0,-9.0,685.0
41.0,-119.0,371.0

-,-,-
18.0,205.0,415.0
88.0,132.0,568.0
116.0,50.0,616.0
-25.0,116.0,567.0
0.0,-20.0,629.0
36.0,-37.0,583.0
-124.0,78.0,632.0
110.0,-172.0,835.0
41.0,-66.0,813.0
153.0,-413.0,1297.0
-60.0,-474.0,1392.0
256.0,-482.0,1678.0
259.0,-475.0,1516.0
459.0,-333.0,1390.0
479.0,-399.0,1365.0
666.0,-308.0,1288.0
613.0,-314.0,1157.0
460.0,-400.0,1104.0
226.0,-418.0,906.0
33.0,-452.0,872.0
-337.0,-434.0,784.0
-750.0,-495.0,767.0
-1048.0,-483.0,857.0
-648.0,-445.0,1061.0
-338.0,-299.0,1067.0
-241.0,-149.0,1075.0
-164.0,-209.0,1254.0
-48.0,-145.0,1377.0
-167.0,-127.0,1586.0
-169.0,-88.0,1614.0
-127.0,-156.0,1281.0
-248.0,-431.0,1192.0
-62.0,-336.0,832.0
31.0,105.0,203.0
-140.0,10.0,148.0
-295.0,-43.0,255.0
-213.0,-58.0,497.0
-221.0,-125.0,801.0
-465.0,-12.0,814.0
-417.0,-13.0,951.0
-425.0,83.0,955.0
-339.0,-21.0,1004.0
-173.0,-174.0,1062.0
14.0,-187.0,823.0
600.0,-192.0,949.0
1010.0,-63.0,958.0

-,-,-
77.0,212.0,583.0
50.0,184.0,516.0
78.0,190.0,500.0
59.0,181.0,398.0
95.0,28.0,452.0
-36.0,107.0,539.0
94.0,-38.0,567.0
-94.0,9.0,526.0
186.0,-120.0,915.0
-124.0,-127.0,822.0
-9.0,-313.0,990.0
-38.0,-292.0,1230.0
186.0,-480.0,1424.0
-34.0,-593.0,1699.0
41.0,-656.0,1799.0
0.0,-414.0,1418.0
83.0,-440.0,1405.0
287.0,-392.0,1171.0
287.0,-299.0,921.0
430.0,-224.0,870.0
402.0,-237.0,841.0
412.0,-250.0,820.0
-10.0,-428.0,916.0
-172.0,-367.0,851.0
-698.0,-377.0,787.0
-734.0,-624.0,1060.0
-908.0,-517.0,928.0
-622.0,-383.0,939.0
-239.0,-243.0,996.0
-68.0,-179.0,1234.0
-137.0,-241.0,1357.0
-129.0,-209.0,1455.0
-129.0,-291.0,1592.0
44.0,-178.0,1406.0
-68.0,-120.0,939.0
127.0,-120.0,687.0
-78.0,12.0,254.0
10.0,-20.0,252.0
36.0,15.0,392.0
-5.0,58.0,558.0
-218.0,-91.0,840.0
-505.0,-176.0,1045.0
-518.0,-138.0,1053.0
-529.0,-36.0,969.0
-553.0,21.0,792.0
-274.0,-58.0,800.0
229.0,-112.0,812.0
522.0,-40.0,894.0
937.0,-99.0,1041.0

-,-,-
-102.0,169.0,568.0
49.0,138.0,574.0
13.0,151.0,539.0
-6.0,111.0,588.0
160.0,-14.0,531.0
0.0,222.0,440.0
117.0,34.0,492.0
150.0,-19.0,630.0
51.0,-72.0,692.0
211.0,-107.0,833.0
-193.0,-199.0,835.0
10.0,-405.0,1306.0
-95.0,-391.0,1433.0
12.0,-671.0,1734.0
154.0,-519.0,1687.0
120.0,-533.0,1718.0
286.0,-552.0,1450.0
290.0,-379.0,1037.0
460.0,-294.0,875.0
434.0,-320.0,906.0
413.0,-280.0,878.0
132.0,-305.0,918.0
-479.0,-369.0,1038.0
-627.0,-317.0,1016.0
-1000.0,-311.0,837.0
-904.0,-448.0,940.0
-547.0,-321.0,904.0
-247.0,-124.0,775.0
-11.0,-104.0,941.0
76.0,-143.0,1236.0
137.0,-76.0,1454.0
-104.0,-131.0,1772.0
253.0,-128.0,1734.0
-20.0,-214.0,1493.0
81.0,-198.0,895.0
-89.0,-371.0,753.0
-50.0,-190.0,199.0
-107.0,26.0,74.0
-49.0,91.0,284.0
16.0,68.0,526.0
-57.0,-19.0,863.0
-178.0,-10.0,1080.0
-310.0,83.0,973.0
-374.0,126.0,1010.0
-326.0,120.0,884.0
-370.0,-19.0,781.0
81.0,-142.0,717.0
882.0,-92.0,910.0
1161.0,-15.0,1153.0

-,-,-
3.0,196.0,547.0
81.0,160.0,536.0
73.0,225.0,486.0
135.0,81.0,580.0
90.0,-24.0,580.0
-40.0,145.0,470.0
82.0,10.0,624.0
-88.0,17.0,684.0
54.0,-62.0,761.0
259.0,-38.0,1021.0
-148.0,-168.0,1009.0
240.0,-311.0,1304.0
-191.0,-303.0,1391.0
-216.0,-452.0,1453.0
26.0,-420.0,1444.0
11.0,-479.0,1542.0
41.0,-262.0,1153.0
284.0,-307.0,1126.0
345.0,-322.0,1121.0
418.0,-265.0,1052.0
370.0,-274.0,1027.0
271.0,-292.0,1001.0
234.0,-264.0,1040.0
30.0,-314.0,943.0
-562.0,-368.0,747.0
-918.0,-595.0,901.0
-955.0,-440.0,767.0
-683.0,-305.0,843.0
-354.0,-245.0,1038.0
-201.0,-195.0,1166.0
-183.0,-180.0,1217.0
-144.0,-90.0,1286.0
-147.0,-23.0,1374.0
-70.0,-94.0,1818.0
-120.0,-136.0,1264.0
120.0,-161.0,1032.0
-75.0,-397.0,787.0
11.0,-253.0,432.0
-144.0,42.0,23.0
-105.0,9.0,363.0
-74.0,-32.0,557.0
-177.0,-100.0,797.0
-413.0,-112.0,944.0
-416.0,-51.0,969.0
-416.0,-32.0,985.0
-480.0,-14.0,825.0
-149.0,-65.0,897.0
55.0,-12.0,740.0
607.0,-29.0,824.0
1033.0,-95.0,1271.0

-,-,-
-25.0,26.0,713.0
46.0,57.0,581.0
61.0,107.0,475.0
114.0,68.0,563.0
1.0,54.0,645.0
145.0,-20.0,662.0
103.0,-173.0,620.0
105.0,99.0,606.0
135.0,13.0,770.0
0.0,-78.0,711.0
283.0,-183.0,943.0
-133.0,-232.0,1005.0
34.0,-352.0,1331.0
88.0,-470.0,1658.0
-276.0,-791.0,1925.0
-113.0,-513.0,1438.0
8.0,-341.0,1214.0
441.0,-348.0,1163.0
384.0,-347.0,1078.0
373.0,-351.0,1012.0
231.0,-384.0,995.0
208.0,-342.0,985.0
-17.0,-305.0,871.0
-429.0,-440.0,988.0
-625.0,-318.0,774.0
-998.0,-470.0,797.0
-911.0,-409.0,630.0
-755.0,-413.0,799.0
-422.0,-233.0,832.0
-249.0,-204.0,955.0
-34.0,-139.0,1216.0
-175.0,-68.0,1411.0
20.0,-312.0,1842.0
-216.0,-193.0,1537.0
-290.0,-160.0,1204.0
-62.0,-370.0,1227.0
-122.0,-203.0,812.0
200.0,74.0,361.0
-53.0,-142.0,389.0
-285.0,-2.0,181.0
-213.0,8.0,436.0
-290.0,-61.0,668.0
-530.0,-194.0,975.0
-744.0,-130.0,901.0
-508.0,-161.0,833.0
-379.0,-32.0,777.0
130.0,-12.0,745.0
555.0,-73.0,945.0
844.0,-132.0,1248.0
1135.0,-183.0,1415.0

-,-,-
77.0,85.0,550.0
153.0,141.0,678.0
108.0,42.0,555.0
54.0,-162.0,825.0
-35.0,-31.0,734.0
-14.0,-74.0,758.0
-143.0,-15.0,676.0
160.0,-224.0,856.0
-149.0,-140.0,942.0
166.0,-321.0,1078.0
179.0,-347.0,1542.0
64.0,-406.0,1611.0
-41.0,-538.0,1520.0
5.0,-527.0,1401.0
48.0,-457.0,1331.0
217.0,-368.0,1160.0
322.0,-406.0,1102.0
354.0,-408.0,1063.0
329.0,-318.0,901.0
280.0,-288.0,833.0
96.0,-375.0,802.0
-335.0,-468.0,817.0
-538.0,-462.0,837.0
-815.0,-285.0,629.0
-759.0,-338.0,700.0
-586.0,-317.0,912.0
-368.0,-214.0,1085.0
-202.0,-173.0,1294.0
-231.0,-140.0,1460.0
-187.0,-179.0,1439.0
-154.0,-434.0,1595.0
-10.0,-207.0,1259.0
24.0,-266.0,920.0
38.0,-187.0,616.0
3.0,-125.0,307.0
36.0,13.0,225.0
-38.0,48.0,358.0
22.0,19.0,667.0
-104.0,-164.0,1049.0
-349.0,-207.0,1134.0
-527.0,-180.0,1141.0
-541.0,-148.0,1093.0
-470.0,-125.0,862.0
-226.0,-28.0,765.0
204.0,-66.0,831.0
515.0,-25.0,875.0
973.0,-94.0,1075.0
838.0,0.0,1010.0

-,-,-
-79.0,116.0,630.0
-28.0,154.0,577.0
0.0,170.0,539.0
10.0,123.0,616.0
53.0,32.0,512.0
-124.0,202.0,505.0
73.0,-152.0,781.0
-9.0,2.0,598.0
39.0,10.0,800.0
44.0,-107.0,1062.0
-368.0,-140.0,885.0
136.0,-283.0,1233.0
-130.0,-285.0,1294.0
-5.0,-435.0,1438.0
-108.0,-397.0,1331.0
-100.0,-388.0,1396.0
25.0,-481.0,1393.0
60.0,-367.0,1283.0
199.0,-375.0,1220.0
228.0,-322.0,1088.0
250.0,-348.0,984.0
80.0,-374.0,887.0
6.0,-303.0,761.0
-198.0,-321.0,750.0
-461.0,-376.0,762.0
-825.0,-522.0,858.0
-831.0,-520.0,918.0
-620.0,-363.0,968.0
-304.0,-368.0,1207.0
-281.0,-236.0,1164.0
-211.0,-254.0,1339.0
-111.0,-191.0,1526.0
22.0,-208.0,1433.0
-13.0,-304.0,1185.0
-6.0,-367.0,907.0
1.0,-128.0,590.0
-106.0,-84.0,428.0
171.0,-49.0,492.0
-57.0,9.0,390.0
-33.0,21.0,512.0
6.0,-32.0,802.0
-210.0,-116.0,962.0
-401.0,-106.0,1054.0
-458.0,-113.0,1072.0
-490.0,-138.0,945.0
-286.0,-81.0,963.0
-20.0,-36.0,1000.0
354.0,-55.0,998.0
650.0,-43.0,979.0
794.0,71.0,955.0
704.0,67.0,953.0

-,-,-
56.0,212.0,576.0
77.0,241.0,526.0
101.0,143.0,632.0
-27.0,44.0,570.0
-6.0,55.0,576.0
-58.0,126.0,531.0
-36.0,-54.0,552.0
-73.0,-71.0,659.0
191.0,-181.0,748.0
-320.0,-93.0,615.0
105.0,-528.0,1406.0
-160.0,-337.0,1400.0
68.0,-600.0,1827.0
-53.0,-483.0,1513.0
-88.0,-497.0,1457.0
44.0,-460.0,1393.0
152.0,-411.0,1237.0
251.0,-393.0,1158.0
270.0,-356.0,996.0
321.0,-313.0,939.0
184.0,-300.0,937.0
13.0,-398.0,896.0
-251.0,-551.0,857.0
-453.0,-431.0,670.0
-567.0,-211.0,610.0
-556.0,-473.0,907.0
-642.0,-411.0,828.0
-437.0,-352.0,944.0
-323.0,-292.0,1062.0
-175.0,-242.0,1244.0
-190.0,-225.0,1249.0
-205.0,-196.0,1450.0
-95.0,-294.0,1590.0
-104.0,-205.0,1352.0
-128.0,-104.0,987.0
18.0,-283.0,1005.0
-76.0,-180.0,565.0
-152.0,122.0,43.0
-164.0,41.0,322.0
-8.0,121.0,468.0
-127.0,-106.0,975.0
-424.0,-149.0,997.0
-647.0,-108.0,910.0
-666.0,-77.0,933.0
-687.0,-59.0,710.0
-193.0,-125.0,1033.0
199.0,8.0,927.0
741.0,-118.0,1148.0
607.0,-22.0,940.0
726.0,-84.0,1014.0

-,-,-
-42.0,270.0,478.0
59.0,217.0,496.0
-2.0,237.0,543.0
79.0,152.0,718.0
118.0,133.0,659.0
-20.0,235.0,558.0
105.0,86.0,598.0
-21.0,53.0,706.0
16.0,50.0,536.0
166.0,-33.0,1011.0
-187.0,-135.0,932.0
56.0,-339.0,1416.0
-74.0,-194.0,1319.0
93.0,-316.0,1317.0
37.0,-227.0,1350.0
186.0,-420.0,1517.0
166.0,-382.0,1288.0
208.0,-358.0,1208.0
302.0,-333.0,1072.0
299.0,-307.0,1001.0
338.0,-310.0,944.0
127.0,-354.0,831.0
-79.0,-403.0,873.0
-472.0,-517.0,899.0
-852.0,-499.0,910.0
-747.0,-404.0,816.0
-633.0,-252.0,799.0
-454.0,-210.0,908.0
-304.0,-266.0,1168.0
-207.0,-287.0,1354.0
-172.0,-233.0,1417.0
-197.0,-189.0,1447.0
-126.0,-266.0,1511.0
-30.0,-339.0,1396.0
-107.0,-198.0,800.0
17.0,-95.0,528.0
-138.0,3.0,432.0
39.0,0.0,368.0
-3.0,36.0,457.0
5.0,17.0,482.0
-60.0,35.0,788.0
-102.0,110.0,968.0
-292.0,40.0,1217.0
-497.0,82.0,1229.0
-735.0,-107.0,1119.0
-806.0,-83.0,951.0
-491.0,-44.0,745.0
38.0,4.0,785.0
696.0,-54.0,891.0
705.0,48.0,833.0
886.0,-40.0,1125.0

-,-,-
-161.0,325.0,755.0
-105.0,336.0,682.0
-156.0,236.0,686.0
-90.0,69.0,677.0
-50.0,181.0,694.0
-70.0,200.0,536.0
-131.0,235.0,686.0
-112.0,187.0,531.0
-54.0,156.0,789.0
202.0,-63.0,936.0
-386.0,80.0,1381.0
224.0,66.0,1217.0
-212.0,-9.0,1626.0
218.0,-18.0,1327.0
200.0,64.0,1384.0
211.0,89.0,1278.0
186.0,-95.0,1293.0
124.0,-44.0,1168.0
68.0,-112.0,1281.0
-58.0,84.0,1253.0
117.0,-150.0,1010.0
0.0,-93.0,904.0
-106.0,20.0,731.0
-403.0,85.0,776.0
-355.0,2.0,764.0
-454.0,-63.0,854.0
-500.0,-48.0,923.0
-422.0,2.0,857.0
-405.0,15.0,1025.0
-455.0,53.0,1288.0
-391.0,110.0,1392.0
-602.0,248.0,1560.0
-474.0,288.0,1451.0
-408.0,248.0,1346.0
-263.0,131.0,1153.0
-121.0,188.0,836.0
-42.0,-58.0,674.0
140.0,-95.0,400.0
95.0,-40.0,272.0
-28.0,76.0,392.0
-478.0,56.0,856.0
-380.0,280.0,638.0
-318.0,250.0,745.0
-632.0,14.0,1019.0
-151.0,257.0,691.0
-382.0,164.0,1000.0
-148.0,298.0,864.0
-150.0,43.0,952.0
81.0,205.0,972.0
217.0,301.0,894.0
241.0,204.0,1052.0
422.0,208.0,915.0
365.0,26.0,1211.0
319.0,127.0,1049.0

-,-,-
96.0,295.0,504.0
-55.0,179.0,616.0
-89.0,210.0,565.0
21.0,149.0,514.0
-104.0,54.0,576.0
-55.0,265.0,390.0
-187.0,-22.0,835.0
226.0,-52.0,675.0
-427.0,-250.0,1204.0
35.0,78.0,1095.0
-612.0,-103.0,1617.0
-136.0,10.0,1560.0
-288.0,-101.0,1591.0
-4.0,-134.0,1458.0
-116.0,70.0,1259.0
367.0,-266.0,995.0
118.0,-149.0,1091.0
-16.0,-110.0,1283.0
-151.0,-108.0,1351.0
-23.0,-182.0,1139.0
-100.0,-158.0,1027.0
-27.0,23.0,679.0
-429.0,-298.0,917.0
-631.0,0.0,724.0
-637.0,-17.0,712.0
-860.0,187.0,761.0
-546.0,181.0,657.0
-443.0,102.0,921.0
-555.0,85.0,1150.0
-830.0,216.0,1450.0
-808.0,391.0,1310.0
-787.0,244.0,1350.0
-409.0,247.0,965.0
-395.0,76.0,1054.0
-135.0,101.0,773.0
132.0,-166.0,679.0
218.0,-200.0,451.0
68.0,-110.0,484.0
-156.0,85.0,659.0
-212.0,277.0,585.0
-597.0,331.0,776.0
-700.0,390.0,719.0
-727.0,153.0,685.0
-615.0,222.0,737.0
-353.0,144.0,430.0
20.0,136.0,817.0
112.0,82.0,1341.0
300.0,35.0,1248.0
745.0,-120.0,1145.0
720.0,-217.0,1155.0

-,-,-
177.0,53.0,1146.0
100.0,61.0,1141.0
208.0,39.0,1051.0
236.0,-17.0,1055.0
187.0,-19.0,1041.0
104.0,-54.0,1048.0
94.0,-4.0,1012.0
-31.0,0.0,923.0
73.0,-50.0,753.0
-450.0,80.0,1020.0
-62.0,272.0,705.0
-423.0,213.0,961.0
-262.0,341.0,909.0
-404.0,154.0,947.0
-419.0,243.0,776.0
-460.0,405.0,690.0
-278.0,200.0,656.0
-465.0,163.0,718.0
-158.0,-18.0,450.0
-22.0,-194.0,369.0
19.0,123.0,145.0
-159.0,-93.0,584.0
-112.0,-68.0,770.0
-649.0,-130.0,1406.0
-567.0,269.0,1442.0
-811.0,-94.0,1904.0
-674.0,294.0,1385.0
-502.0,-188.0,1418.0
-631.0,17.0,969.0
-573.0,103.0,778.0
-814.0,145.0,856.0
-469.0,104.0,966.0
-481.0,113.0,1038.0
74.0,-20.0,997.0
430.0,-345.0,1046.0
892.0,-247.0,906.0
406.0,-215.0,1270.0
223.0,-38.0,1213.0
-23.0,103.0,1273.0
-222.0,348.0,1227.0
-218.0,298.0,1507.0
-311.0,320.0,1618.0
-85.0,302.0,1270.0
-96.0,306.0,1089.0
-74.0,291.0,676.0
56.0,167.0,516.0
-110.0,-7.0,693.0
33.0,36.0,512.0
-140.0,213.0,491.0
-71.0,185.0,512.0
-40.0,312.0,448.0
-24.0,376.0,557.0

-,-,-
339.0,145.0,949.0
246.0,4.0,1085.0
277.0,72.0,989.0
241.0,80.0,959.0
227.0,76.0,965.0
124.0,131.0,1003.0
47.0,70.0,1016.0
-5.0,141.0,989.0
-84.0,158.0,908.0
-200.0,203.0,934.0
-308.0,178.0,899.0
-326.0,183.0,828.0
-454.0,278.0,721.0
-395.0,253.0,617.0
-562.0,280.0,652.0
-424.0,138.0,659.0
-410.0,56.0,644.0
-248.0,147.0,403.0
-286.0,42.0,542.0
-212.0,184.0,635.0
-411.0,119.0,692.0
-419.0,97.0,901.0
-430.0,-106.0,1208.0
-916.0,143.0,1492.0
-592.0,-223.0,1561.0
-473.0,-69.0,1371.0
-827.0,-77.0,1314.0
-917.0,69.0,1169.0
-981.0,266.0,824.0
-642.0,172.0,735.0
-290.0,-6.0,757.0
432.0,-411.0,935.0
602.0,-589.0,1276.0
467.0,-433.0,1341.0
254.0,-80.0,1165.0
98.0,56.0,1195.0
23.0,129.0,1384.0
-201.0,182.0,1605.0
-99.0,60.0,1392.0
-1.0,107.0,1251.0
20.0,44.0,916.0
-41.0,179.0,849.0
37.0,-117.0,724.0
-32.0,26.0,492.0
74.0,129.0,289.0
-24.0,206.0,399.0
-54.0,260.0,526.0
-225.0,425.0,687.0
-21.0,303.0,755.0

-,-,-
273.0,74.0,1024.0
345.0,56.0,936.0
245.0,115.0,974.0
186.0,114.0,956.0
234.0,93.0,923.0
175.0,-12.0,993.0
-105.0,-13.0,1126.0
-59.0,122.0,899.0
-276.0,171.0,916.0
-451.0,377.0,941.0
-162.0,301.0,666.0
-397.0,236.0,865.0
-395.0,316.0,730.0
-537.0,278.0,832.0
-433.0,283.0,704.0
-72.0,39.0,487.0
-275.0,-62.0,593.0
13.0,-22.0,369.0
-23.0,68.0,418.0
7.0,75.0,688.0
-431.0,3.0,1307.0
-568.0,267.0,1435.0
-479.0,-238.0,1557.0
-355.0,41.0,1486.0
-302.0,-399.0,1592.0
-544.0,-217.0,1241.0
-478.0,109.0,923.0
-737.0,270.0,816.0
-749.0,229.0,792.0
-559.0,3.0,835.0
-300.0,-202.0,885.0
226.0,-479.0,998.0
545.0,-650.0,1290.0
680.0,-559.0,1182.0
434.0,-245.0,1072.0
346.0,-45.0,1007.0
29.0,-29.0,1380.0
0.0,60.0,1460.0
74.0,41.0,1510.0
-7.0,-37.0,1562.0
25.0,82.0,1374.0
-115.0,229.0,1146.0
-144.0,175.0,984.0
-8.0,193.0,717.0
-269.0,73.0,555.0
-104.0,45.0,181.0

-,-,-
418.0,-161.0,1164.0
401.0,-207.0,1110.0
510.0,-236.0,1022.0
300.0,-147.0,1051.0
308.0,-79.0,935.0
200.0,-90.0,994.0
96.0,26.0,911.0
102.0,78.0,929.0
-98.0,202.0,969.0
26.0,128.0,883.0
-268.0,146.0,1025.0
-83.0,287.0,719.0
-498.0,166.0,1049.0
-246.0,249.0,641.0
-426.0,308.0,769.0
-405.0,471.0,648.0
-80.0,254.0,500.0
-37.0,93.0,546.0
-177.0,85.0,440.0
-8.0,40.0,409.0
-237.0,85.0,672.0
-295.0,-90.0,1011.0
-710.0,86.0,1311.0
-292.0,175.0,1139.0
-506.0,-81.0,1507.0
-463.0,261.0,1422.0
-406.0,-137.0,1597.0
-716.0,-28.0,1208.0
-640.0,43.0,946.0
-728.0,239.0,657.0
-706.0,260.0,649.0
-439.0,211.0,907.0
-160.0,-20.0,1077.0
335.0,-420.0,1286.0
473.0,-582.0,1478.0
511.0,-329.0,1033.0
293.0,-23.0,885.0
31.0,147.0,1127.0
-86.0,209.0,1344.0
-188.0,178.0,1525.0
-103.0,183.0,1517.0
-81.0,171.0,1382.0
-196.0,335.0,1120.0
-205.0,258.0,942.0
-185.0,303.0,672.0
-42.0,5.0,660.0
-136.0,95.0,527.0

-,-,-
-48.0,339.0,597.0
-27.0,283.0,556.0
-105.0,314.0,560.0
42.0,259.0,486.0
-15.0,104.0,669.0
-25.0,189.0,552.0
77.0,127.0,645.0
-39.0,140.0,689.0
274.0,31.0,719.0
-259.0,31.0,1032.0
-100.0,52.0,917.0
125.0,-240.0,1342.0
-29.0,-59.0,1408.0
168.0,-323.0,1646.0
135.0,-235.0,1575.0
280.0,-368.0,1435.0
238.0,-341.0,1296.0
176.0,-101.0,1017.0
307.0,-234.0,1148.0
631.0,-523.0,1184.0
142.0,-722.0,1274.0
-251.0,-350.0,898.0
-640.0,-28.0,795.0
-438.0,126.0,610.0
-670.0,48.0,1052.0
-559.0,72.0,925.0
-163.0,-91.0,915.0
-210.0,-3.0,1169.0
-182.0,115.0,1273.0
-454.0,244.0,1614.0
-265.0,183.0,1552.0
-308.0,198.0,1138.0
-117.0,118.0,878.0
118.0,-66.0,655.0
-86.0,-175.0,617.0
5.0,-234.0,461.0
82.0,-85.0,395.0
-98.0,170.0,508.0
-291.0,363.0,733.0
-553.0,333.0,1023.0
-618.0,200.0,1011.0
-610.0,245.0,755.0
-415.0,343.0,743.0
-502.0,370.0,655.0
-205.0,381.0,773.0
46.0,256.0,930.0
416.0,56.0,1223.0
660.0,-354.0,1480.0
646.0,-175.0,1064.0
233.0,206.0,1120.0

-,-,-
-116.0,-258.0,1438.0
89.0,33.0,1092.0
131.0,-22.0,1105.0
174.0,-124.0,1165.0
229.0,-48.0,1034.0
206.0,1.0,1038.0
69.0,58.0,1035.0
51.0,107.0,1005.0
-9.0,155.0,1023.0
25.0,138.0,936.0
-59.0,118.0,928.0
-27.0,79.0,831.0
-270.0,177.0,870.0
-410.0,216.0,812.0
-513.0,333.0,800.0
-524.0,392.0,601.0
-404.0,378.0,538.0
-467.0,308.0,574.0
-283.0,169.0,576.0
-281.0,136.0,587.0
-203.0,322.0,336.0
-210.0,158.0,643.0
-369.0,209.0,634.0
-115.0,134.0,747.0
-371.0,91.0,1080.0
-427.0,-8.0,1222.0
-236.0,-48.0,1264.0
-395.0,-132.0,1619.0
-690.0,-85.0,1719.0
-668.0,91.0,1434.0
-579.0,98.0,1197.0
-426.0,68.0,979.0
-364.0,-116.0,811.0
-244.0,41.0,605.0
-306.0,116.0,660.0
-236.0,100.0,819.0
-38.0,24.0,958.0
72.0,-109.0,1186.0
367.0,-309.0,1298.0
382.0,-212.0,1146.0
268.0,-55.0,1077.0
236.0,36.0,1046.0
-21.0,121.0,1230.0
-48.0,237.0,1315.0
-166.0,216.0,1475.0
-266.0,378.0,1462.0
-285.0,601.0,1203.0
-317.0,264.0,1137.0
-119.0,219.0,715.0
-112.0,24.0,698.0
-53.0,52.0,404.0
68.0,-208.0,404.0

-,-,-
-32.0,136.0,1095.0
262.0,97.0,1002.0
264.0,113.0,1054.0
289.0,63.0,1040.0
315.0,40.0,992.0
223.0,65.0,1035.0
99.0,136.0,1043.0
157.0,144.0,922.0
-23.0,108.0,998.0
-10.0,131.0,880.0
-187.0,125.0,975.0
-88.0,195.0,838.0
-218.0,258.0,849.0
-142.0,386.0,817.0
-199.0,207.0,961.0
-332.0,217.0,910.0
-391.0,383.0,768.0
-441.0,391.0,827.0
-472.0,489.0,792.0
-402.0,274.0,864.0
-263.0,228.0,816.0
-202.0,226.0,670.0
-208.0,177.0,662.0
-83.0,134.0,588.0
-161.0,83.0,560.0
-17.0,163.0,459.0
-150.0,-63.0,813.0
-320.0,315.0,771.0
-390.0,-79.0,1276.0
-555.0,70.0,1264.0
-272.0,-94.0,1473.0
-762.0,-138.0,1734.0
-596.0,127.0,1299.0
-591.0,-83.0,1202.0
-685.0,-62.0,902.0
-499.0,104.0,702.0
-558.0,29.0,817.0
-470.0,28.0,767.0
-83.0,-51.0,800.0
-56.0,-104.0,1025.0
285.0,-193.0,1028.0
464.0,-464.0,1208.0
494.0,-321.0,1081.0
193.0,-139.0,1085.0
189.0,-99.0,996.0
75.0,-10.0,1021.0
2.0,60.0,1089.0
-64.0,62.0,1235.0
-117.0,104.0,1305.0
-33.0,77.0,1349.0
-16.0,118.0,1373.0
-57.0,176.0,1360.0
-230.0,273.0,1304.0
-99.0,305.0,1112.0
-27.0,293.0,941.0
-178.0,407.0,788.0
-131.0,197.0,763.0
-57.0,21.0,632.0
-8.0,-54.0,521.0
95.0,5.0,510.0
57.0,155.0,500.0
-121.0,311.0,667.0
17.0,418.0,700.0

-,-,-
229.0,276.0,998.0
280.0,181.0,994.0
303.0,90.0,1073.0
391.0,36.0,1009.0
395.0,-88.0,1085.0
352.0,-74.0,1076.0
243.0,-1.0,992.0
143.0,22.0,985.0
88.0,107.0,921.0
-203.0,206.0,971.0
-70.0,208.0,841.0
-260.0,373.0,880.0
-143.0,436.0,793.0
-205.0,358.0,851.0
-294.0,359.0,835.0
-198.0,291.0,848.0
-396.0,277.0,974.0
-432.0,414.0,772.0
-368.0,344.0,714.0
0.0,121.0,516.0
-195.0,-16.0,691.0
-108.0,-7.0,604.0
-130.0,-21.0,598.0
-292.0,394.0,342.0
-194.0,231.0,660.0
-395.0,174.0,941.0
-485.0,92.0,1600.0
-478.0,228.0,1721.0
-285.0,-345.0,1805.0
-126.0,-99.0,1072.0
-258.0,28.0,915.0
-651.0,-7.0,945.0
-611.0,145.0,953.0
-849.0,169.0,1231.0
-277.0,-103.0,1253.0
-358.0,-193.0,1381.0
406.0,-448.0,1029.0
594.0,-625.0,984.0
589.0,-392.0,923.0
132.0,-79.0,1035.0
-23.0,68.0,1066.0
-160.0,116.0,1184.0
-164.0,301.0,1358.0
-287.0,145.0,1635.0
-221.0,156.0,1514.0
-126.0,103.0,1323.0
41.0,113.0,971.0
-111.0,22.0,979.0
28.0,-27.0,656.0
175.0,121.0,197.0
-53.0,-273.0,918.0

-,-,-
56.0,352.0,782.0
-14.0,261.0,732.0
-44.0,282.0,694.0
-124.0,140.0,695.0
1.0,169.0,608.0
-3.0,270.0,566.0
24.0,254.0,604.0
-241.0,70.0,868.0
101.0,0.0,797.0
-244.0,33.0,985.0
107.0,16.0,1033.0
-536.0,5.0,723.0
-47.0,-209.0,1553.0
-96.0,-229.0,1736.0
-6.0,-170.0,1422.0
162.0,-153.0,1230.0
170.0,-215.0,1147.0
142.0,-181.0,1168.0
188.0,-229.0,1160.0
106.0,-309.0,1203.0
173.0,-315.0,1051.0
-12.0,-220.0,1091.0
-105.0,-118.0,1141.0
-70.0,-188.0,1030.0
-295.0,-75.0,981.0
-178.0,2.0,831.0
-458.0,-8.0,873.0
-443.0,83.0,840.0
-481.0,-30.0,937.0
-312.0,-27.0,928.0
-323.0,37.0,1235.0
-296.0,212.0,1321.0
-403.0,167.0,1583.0
-239.0,99.0,1458.0
-83.0,87.0,1223.0
-215.0,238.0,776.0
102.0,26.0,605.0
-14.0,-103.0,430.0
105.0,-121.0,335.0
-24.0,21.0,515.0
-173.0,249.0,592.0
-403.0,316.0,847.0
-393.0,466.0,654.0
-552.0,241.0,768.0
-387.0,332.0,790.0
-282.0,485.0,673.0
-161.0,447.0,788.0
252.0,6.0,1001.0
476.0,-375.0,1490.0
756.0,-359.0,1238.0
516.0,-95.0,1216.0
199.0,194.0,1033.0

-,-,-
-280.0,421.0,579.0
-90.0,371.0,491.0
-65.0,273.0,546.0
-17.0,176.0,566.0
198.0,105.0,414.0
189.0,108.0,551.0
19.0,192.0,531.0
24.0,68.0,788.0
-394.0,35.0,835.0
323.0,-44.0,710.0
-333.0,-190.0,1123.0
-1.0,-62.0,1019.0
-514.0,-209.0,1560.0
-113.0,-10.0,1266.0
-379.0,-185.0,1674.0
-164.0,-118.0,1409.0
34.0,-316.0,1494.0
27.0,-250.0,1360.0
117.0,-269.0,1251.0
100.0,-246.0,1217.0
200.0,-310.0,1161.0
205.0,-314.0,1115.0
171.0,-274.0,1062.0
42.0,-308.0,1104.0
-60.0,-224.0,1016.0
-339.0,-272.0,923.0
-526.0,-3.0,633.0
-613.0,80.0,596.0
-484.0,126.0,680.0
-374.0,85.0,753.0
-317.0,36.0,856.0
-256.0,87.0,910.0
-436.0,274.0,1259.0
-484.0,411.0,1419.0
-395.0,322.0,1665.0
-476.0,316.0,1523.0
-268.0,369.0,986.0
-136.0,-153.0,889.0
132.0,-210.0,312.0
297.0,-199.0,356.0
-90.0,101.0,572.0
-175.0,231.0,615.0
-132.0,234.0,720.0
-332.0,315.0,822.0
-553.0,434.0,776.0
-481.0,394.0,880.0
-592.0,407.0,972.0
-199.0,475.0,667.0
-4.0,195.0,937.0
559.0,-34.0,895.0
453.0,-109.0,1247.0
354.0,75.0,1159.0

-,-,-
-72.0,405.0,575.0
-132.0,261.0,736.0
141.0,193.0,596.0
-122.0,165.0,666.0
194.0,172.0,323.0
-106.0,82.0,782.0
14.0,307.0,555.0
-110.0,69.0,982.0
-80.0,109.0,1144.0
-72.0,127.0,1266.0
-274.0,28.0,1516.0
-117.0,-34.0,1606.0
-231.0,18.0,1583.0
-188.0,-35.0,1333.0
185.0,-127.0,1016.0
226.0,-152.0,1004.0
254.0,-152.0,1120.0
259.0,-242.0,1287.0
237.0,-234.0,1272.0
224.0,-464.0,1262.0
-81.0,-319.0,1032.0
-259.0,-5.0,740.0
-536.0,102.0,830.0
-444.0,148.0,737.0
-589.0,-7.0,895.0
-433.0,-14.0,795.0
-290.0,-18.0,795.0
-265.0,98.0,952.0
-225.0,139.0,1360.0
-501.0,271.0,1605.0
-192.0,211.0,1475.0
-374.0,167.0,1549.0
-165.0,159.0,1109.0
-41.0,-17.0,848.0
-74.0,-100.0,483.0
175.0,16.0,252.0
-32.0,155.0,407.0
-15.0,222.0,507.0
-266.0,366.0,801.0
-360.0,430.0,944.0
-687.0,469.0,1039.0
-675.0,472.0,793.0
-302.0,276.0,729.0
749.0,82.0,665.0
555.0,62.0,990.0
181.0,197.0,1011.0

-,-,-
564.0,97.0,724.0
472.0,-133.0,1042.0
272.0,-115.0,880.0
448.0,-109.0,895.0
455.0,-18.0,903.0
555.0,48.0,869.0
427.0,-124.0,928.0
432.0,2.0,841.0
356.0,20.0,823.0
283.0,-154.0,925.0
100.0,-59.0,912.0
-73.0,-126.0,926.0
-191.0,-133.0,950.0
-421.0,-192.0,863.0
-484.0,-180.0,699.0
-219.0,29.0,649.0
-151.0,-63.0,619.0
-136.0,-31.0,598.0
1.0,52.0,515.0
12.0,-104.0,568.0
145.0,-5.0,544.0
50.0,-331.0,875.0
-96.0,-372.0,1125.0
83.0,-627.0,1596.0
-15.0,-558.0,1675.0
-199.0,-536.0,1449.0
-402.0,-452.0,1339.0
-522.0,-468.0,1226.0
-514.0,-406.0,1062.0
-552.0,-415.0,928.0
-324.0,-454.0,899.0
-277.0,-416.0,691.0
214.0,-406.0,796.0
632.0,-343.0,893.0
886.0,-311.0,1019.0
817.0,-370.0,1153.0
367.0,-370.0,1097.0
77.0,-346.0,1213.0
131.0,-312.0,1414.0
175.0,-222.0,1555.0
176.0,-306.0,1525.0
49.0,-196.0,1304.0
7.0,-271.0,1093.0
-5.0,-293.0,968.0
20.0,-178.0,644.0
-97.0,45.0,182.0
64.0,166.0,321.0
31.0,78.0,382.0
28.0,-51.0,497.0
-29.0,128.0,515.0

-,-,-
513.0,74.0,1019.0
489.0,88.0,968.0
541.0,30.0,982.0
469.0,17.0,952.0
487.0,81.0,920.0
474.0,59.0,985.0
344.0,15.0,932.0
222.0,-67.0,900.0
117.0,-141.0,953.0
-90.0,-176.0,920.0
-164.0,-186.0,926.0
-216.0,-50.0,801.0
-264.0,19.0,880.0
-541.0,-107.0,918.0
-658.0,-84.0,811.0
-668.0,-203.0,768.0
-452.0,-113.0,714.0
-300.0,-118.0,568.0
-180.0,-28.0,523.0
17.0,-47.0,611.0
-10.0,78.0,445.0
272.0,-2.0,665.0
-8.0,-119.0,755.0
-38.0,-325.0,1101.0
-192.0,-671.0,1497.0
-494.0,-718.0,1516.0
-388.0,-591.0,1486.0
-596.0,-563.0,1401.0
-501.0,-583.0,1259.0
-468.0,-485.0,1003.0
-363.0,-441.0,821.0
-195.0,-381.0,599.0
213.0,-378.0,824.0
529.0,-319.0,828.0
757.0,-284.0,911.0
734.0,-345.0,958.0
414.0,-444.0,995.0
235.0,-477.0,1087.0
135.0,-480.0,1214.0
169.0,-495.0,1409.0
177.0,-483.0,1447.0
86.0,-453.0,1351.0
37.0,-406.0,1261.0
-45.0,-292.0,1093.0
62.0,-208.0,1016.0
24.0,-252.0,849.0
58.0,-55.0,702.0
-55.0,26.0,486.0
-106.0,-104.0,630.0
62.0,9.0,503.0
-81.0,55.0,512.0

-,-,-
593.0,9.0,993.0
449.0,34.0,1005.0
455.0,-47.0,992.0
357.0,-114.0,926.0
378.0,21.0,929.0
351.0,-3.0,909.0
304.0,-72.0,963.0
291.0,-62.0,888.0
204.0,-127.0,923.0
35.0,-110.0,865.0
-213.0,-151.0,907.0
-471.0,-292.0,894.0
-589.0,-234.0,811.0
-539.0,-122.0,543.0
-394.0,-86.0,700.0
-151.0,-161.0,715.0
-270.0,-130.0,465.0
-208.0,-34.0,390.0
-10.0,-45.0,346.0
-80.0,-165.0,875.0
-98.0,-294.0,889.0
31.0,-421.0,1603.0
-258.0,-794.0,1815.0
-161.0,-643.0,1876.0
-355.0,-457.0,1365.0
-467.0,-331.0,1130.0
-352.0,-335.0,1075.0
-470.0,-335.0,883.0
-242.0,-437.0,996.0
-145.0,-427.0,851.0
68.0,-323.0,789.0
305.0,-340.0,908.0
582.0,-272.0,909.0
707.0,-344.0,1058.0
494.0,-333.0,988.0
215.0,-413.0,1046.0
81.0,-369.0,1203.0
82.0,-343.0,1423.0
101.0,-348.0,1466.0
-44.0,-237.0,1329.0
236.0,-147.0,1422.0
48.0,-100.0,1038.0
-83.0,-328.0,1065.0
-133.0,-311.0,826.0
-62.0,-156.0,539.0
19.0,25.0,419.0
-28.0,109.0,372.0
36.0,81.0,499.0
56.0,120.0,596.0

-,-,-
591.0,144.0,973.0
619.0,85.0,1017.0
612.0,47.0,998.0
534.0,86.0,898.0
558.0,53.0,938.0
541.0,22.0,888.0
557.0,4.0,955.0
383.0,-102.0,962.0
202.0,-33.0,803.0
142.0,8.0,912.0
46.0,-164.0,955.0
-181.0,-214.0,920.0
-336.0,-183.0,904.0
-362.0,-204.0,959.0
-515.0,-90.0,791.0
-282.0,-178.0,796.0
-372.0,-80.0,657.0
-54.0,30.0,666.0
88.0,-103.0,579.0
-33.0,0.0,503.0
83.0,-145.0,638.0
178.0,-167.0,711.0
50.0,-356.0,798.0
74.0,-512.0,1137.0
67.0,-473.0,1280.0
35.0,-617.0,1690.0
-328.0,-470.0,1383.0
-297.0,-573.0,1647.0
-443.0,-440.0,1294.0
-711.0,-481.0,1003.0
-598.0,-520.0,877.0
-364.0,-476.0,811.0
-126.0,-478.0,740.0
422.0,-415.0,916.0
568.0,-330.0,857.0
839.0,-321.0,982.0
924.0,-323.0,993.0
619.0,-354.0,957.0
437.0,-368.0,1052.0
196.0,-322.0,1208.0
104.0,-357.0,1451.0
136.0,-392.0,1421.0
-52.0,-311.0,1336.0
44.0,-312.0,1318.0
80.0,-326.0,1184.0
125.0,-247.0,1083.0
65.0,-103.0,811.0
128.0,91.0,580.0
21.0,23.0,433.0
-8.0,135.0,557.0
46.0,205.0,280.0

-,-,-
609.0,169.0,844.0
611.0,83.0,856.0
573.0,64.0,908.0
520.0,-9.0,943.0
476.0,-11.0,956.0
462.0,32.0,874.0
471.0,-12.0,955.0
418.0,-36.0,863.0
272.0,26.0,921.0
18.0,-215.0,950.0
-202.0,-222.0,928.0
-302.0,-203.0,899.0
-428.0,-174.0,893.0
-472.0,-125.0,869.0
-399.0,-202.0,800.0
-331.0,-30.0,828.0
-175.0,-31.0,796.0
-201.0,-113.0,638.0
-169.0,72.0,655.0
-28.0,-77.0,579.0
-8.0,-105.0,442.0
-26.0,6.0,479.0
55.0,-366.0,858.0
-87.0,-423.0,1062.0
-28.0,-564.0,1650.0
-197.0,-545.0,1723.0
-372.0,-568.0,1595.0
-480.0,-471.0,1370.0
-519.0,-432.0,1060.0
-332.0,-416.0,984.0
-419.0,-417.0,854.0
-226.0,-443.0,800.0
125.0,-453.0,939.0
414.0,-377.0,856.0
599.0,-284.0,868.0
732.0,-288.0,886.0
628.0,-343.0,990.0
388.0,-375.0,1001.0
259.0,-365.0,1119.0
144.0,-330.0,1257.0
139.0,-333.0,1389.0
77.0,-325.0,1348.0
75.0,-300.0,1261.0
102.0,-271.0,1236.0
65.0,-163.0,1055.0
111.0,-115.0,968.0
89.0,-153.0,976.0
153.0,-40.0,820.0
36.0,-233.0,851.0
9.0,-70.0,633.0

-,-,-
664.0,29.0,1005.0
682.0,75.0,947.0
692.0,19.0,1004.0
626.0,22.0,1015.0
598.0,26.0,947.0
601.0,-23.0,819.0
490.0,53.0,883.0
333.0,-37.0,926.0
129.0,-151.0,894.0
-40.0,-211.0,933.0
-112.0,-126.0,894.0
-244.0,-137.0,944.0
-369.0,-98.0,947.0
-418.0,-112.0,905.0
-487.0,-94.0,752.0
-284.0,-75.0,680.0
-163.0,-2.0,562.0
-4.0,-35.0,595.0
-27.0,-39.0,491.0
-104.0,-32.0,528.0
-43.0,-276.0,691.0
-39.0,-143.0,747.0
-95.0,-345.0,1073.0
-196.0,-587.0,1521.0
-308.0,-744.0,1702.0
-407.0,-601.0,1566.0
-627.0,-467.0,1146.0
-535.0,-512.0,1232.0
-476.0,-499.0,963.0
-408.0,-486.0,717.0
-240.0,-470.0,750.0
203.0,-453.0,801.0
302.0,-442.0,765.0
584.0,-420.0,971.0
686.0,-389.0,1017.0
749.0,-370.0,1199.0
467.0,-465.0,1222.0
252.0,-531.0,1302.0
122.0,-459.0,1328.0
126.0,-482.0,1387.0
97.0,-444.0,1331.0
63.0,-357.0,1225.0
114.0,-321.0,1195.0
91.0,-290.0,1044.0
41.0,-111.0,767.0
0.0,33.0,406.0
1.0,-76.0,548.0
76.0,77.0,345.0

-,-,-
447.0,104.0,795.0
541.0,198.0,872.0
644.0,224.0,908.0
774.0,203.0,935.0
771.0,188.0,868.0
743.0,143.0,867.0
707.0,95.0,846.0
658.0,21.0,843.0
587.0,63.0,910.0
434.0,31.0,962.0
293.0,-135.0,1008.0
81.0,-174.0,966.0
20.0,-140.0,920.0
-84.0,-47.0,958.0
-104.0,-120.0,945.0
-365.0,-170.0,843.0
-434.0,-45.0,831.0
-406.0,-168.0,714.0
-500.0,-100.0,622.0
-198.0,-93.0,566.0
-185.0,48.0,571.0
8.0,-16.0,624.0
38.0,6.0,436.0
10.0,60.0,572.0
218.0,-148.0,661.0
-144.0,-346.0,1314.0
189.0,-639.0,1783.0
-6.0,-645.0,1702.0
-309.0,-539.0,1368.0
-379.0,-497.0,1223.0
-460.0,-463.0,1039.0
-395.0,-520.0,1003.0
-353.0,-517.0,953.0
3.0,-572.0,1081.0
-54.0,-545.0,854.0
419.0,-567.0,1025.0
530.0,-366.0,795.0
738.0,-364.0,875.0
717.0,-397.0,932.0
480.0,-415.0,955.0
254.0,-435.0,1096.0
174.0,-454.0,1284.0
79.0,-470.0,1468.0
128.0,-525.0,1511.0
190.0,-457.0,1462.0
135.0,-359.0,1197.0
241.0,-257.0,1038.0
83.0,-243.0,889.0
21.0,-154.0,514.0
3.0,8.0,324.0
22.0,-8.0,379.0
75.0,114.0,356.0
122.0,115.0,526.0

-,-,-
461.0,77.0,971.0
564.0,141.0,961.0
695.0,165.0,967.0
772.0,166.0,934.0
707.0,107.0,939.0
669.0,1.0,920.0
622.0,14.0,926.0
546.0,-51.0,906.0
446.0,-60.0,927.0
314.0,-89.0,966.0
160.0,-112.0,912.0
17.0,-87.0,941.0
-53.0,-198.0,961.0
-312.0,-151.0,936.0
-338.0,-195.0,962.0
-486.0,-112.0,822.0
-264.0,-83.0,819.0
-94.0,-100.0,630.0
-92.0,27.0,585.0
20.0,-127.0,587.0
10.0,-208.0,485.0
0.0,-50.0,616.0
21.0,-102.0,707.0
96.0,-207.0,1067.0
-120.0,-424.0,1235.0
-91.0,-550.0,1531.0
-328.0,-687.0,1584.0
-214.0,-607.0,1512.0
-301.0,-543.0,1296.0
-434.0,-449.0,955.0
-355.0,-465.0,894.0
-310.0,-479.0,840.0
-164.0,-499.0,787.0
204.0,-467.0,830.0
425.0,-467.0,905.0
559.0,-401.0,966.0
604.0,-356.0,984.0
557.0,-376.0,1087.0
409.0,-392.0,1188.0
376.0,-398.0,1328.0
242.0,-440.0,1381.0
296.0,-378.0,1410.0
156.0,-345.0,1248.0
161.0,-318.0,1251.0
34.0,-215.0,918.0
-69.0,-157.0,636.0
29.0,-63.0,462.0
6.0,28.0,485.0
157.0,120.0,454.0
57.0,122.0,493.0

-,-,-
660.0,103.0,956.0
657.0,71.0,952.0
658.0,26.0,1025.0
590.0,20.0,929.0
552.0,14.0,901.0
553.0,19.0,912.0
513.0,13.0,842.0
474.0,-21.0,984.0
353.0,-146.0,949.0
84.0,-134.0,935.0
-36.0,-149.0,930.0
-229.0,-164.0,904.0
-357.0,-200.0,962.0
-540.0,-132.0,800.0
-310.0,-66.0,734.0
-200.0,18.0,549.0
-76.0,48.0,563.0
-18.0,0.0,505.0
-5.0,-30.0,547.0
-42.0,-141.0,562.0
2.0,-225.0,814.0
-119.0,-406.0,1114.0
-99.0,-614.0,1408.0
-166.0,-566.0,1566.0
-269.0,-515.0,1433.0
-283.0,-523.0,1450.0
-274.0,-537.0,1293.0
-389.0,-483.0,1055.0
-318.0,-499.0,906.0
-301.0,-446.0,698.0
133.0,-463.0,875.0
193.0,-407.0,702.0
601.0,-353.0,923.0
568.0,-371.0,910.0
634.0,-425.0,1131.0
345.0,-410.0,1149.0
258.0,-473.0,1311.0
189.0,-481.0,1362.0
165.0,-473.0,1363.0
98.0,-394.0,1305.0
128.0,-362.0,1242.0
22.0,-225.0,1021.0
82.0,-123.0,881.0
-23.0,-18.0,616.0
177.0,-1.0,630.0
70.0,-7.0,544.0
105.0,34.0,531.0
51.0,71.0,524.0
45.0,9.0,668.0

-,-,-
682.0,141.0,958.0
612.0,110.0,888.0
590.0,52.0,947.0
560.0,7.0,960.0
496.0,-4.0,902.0
485.0,-22.0,913.0
459.0,2.0,895.0
411.0,-14.0,893.0
309.0,-77.0,945.0
161.0,-125.0,936.0
-103.0,-192.0,966.0
-173.0,-298.0,1049.0
-423.0,-149.0,896.0
-418.0,-105.0,878.0
-344.0,-163.0,737.0
-352.0,-18.0,595.0
-96.0,-27.0,504.0
-53.0,12.0,551.0
-20.0,8.0,497.0
-146.0,-24.0,502.0
-90.0,-220.0,740.0
42.0,-488.0,1138.0
-92.0,-541.0,1341.0
-104.0,-698.0,1656.0
-241.0,-615.0,1539.0
-260.0,-488.0,1390.0
-317.0,-505.0,1276.0
-339.0,-508.0,1108.0
-355.0,-502.0,955.0
-265.0,-456.0,811.0
28.0,-486.0,851.0
41.0,-419.0,683.0
535.0,-372.0,891.0
498.0,-338.0,922.0
541.0,-402.0,1049.0
352.0,-446.0,1077.0
281.0,-471.0,1238.0
204.0,-454.0,1280.0
173.0,-511.0,1400.0
94.0,-453.0,1328.0
113.0,-400.0,1317.0
41.0,-315.0,1193.0
90.0,-223.0,971.0
-19.0,-100.0,729.0
13.0,-143.0,667.0
-20.0,-36.0,550.0
66.0,41.0,407.0
34.0,114.0,424.0
41.0,125.0,553.0

-,-,-
568.0,118.0,1035.0
627.0,63.0,1020.0
576.0,24.0,1006.0
585.0,41.0,965.0
569.0,16.0,875.0
582.0,14.0,886.0
534.0,-50.0,791.0
402.0,-32.0,903.0
321.0,-230.0,965.0
172.0,-257.0,1034.0
24.0,-273.0,996.0
-209.0,-204.0,947.0
-426.0,-190.0,949.0
-645.0,-231.0,893.0
-545.0,-209.0,913.0
-301.0,-31.0,808.0
-36.0,-8.0,691.0
31.0,45.0,604.0
123.0,63.0,566.0
-67.0,4.0,326.0
54.0,-11.0,558.0
-89.0,-327.0,752.0
-139.0,-593.0,1081.0
80.0,-667.0,1565.0
-32.0,-582.0,1557.0
-218.0,-558.0,1462.0
0.0,-560.0,1569.0
-152.0,-519.0,1270.0
-350.0,-536.0,1009.0
-507.0,-471.0,731.0
-316.0,-445.0,779.0
-191.0,-464.0,749.0
216.0,-478.0,887.0
310.0,-377.0,803.0
531.0,-392.0,868.0
655.0,-414.0,958.0
562.0,-472.0,1005.0
395.0,-485.0,1010.0
221.0,-465.0,1063.0
163.0,-452.0,1260.0
183.0,-501.0,1421.0
103.0,-483.0,1404.0
67.0,-431.0,1363.0
30.0,-396.0,1243.0
-23.0,-302.0,1069.0
78.0,-126.0,868.0
77.0,-151.0,795.0
25.0,-87.0,553.0
56.0,-25.0,408.0

-,-,-
521.0,51.0,993.0
602.0,42.0,1021.0
627.0,8.0,977.0
568.0,-8.0,992.0
513.0,-26.0,913.0
522.0,-34.0,980.0
509.0,-102.0,958.0
343.0,-37.0,840.0
317.0,-114.0,913.0
130.0,-142.0,884.0
-8.0,-207.0,979.0
-184.0,-219.0,965.0
-416.0,-107.0,811.0
-449.0,-127.0,848.0
-562.0,-104.0,761.0
-281.0,-139.0,828.0
-66.0,-71.0,708.0
-36.0,24.0,570.0
60.0,52.0,504.0
-63.0,14.0,453.0
116.0,-90.0,638.0
-105.0,-190.0,756.0
-252.0,-589.0,1174.0
-270.0,-686.0,1461.0
-292.0,-598.0,1498.0
-305.0,-631.0,1676.0
-520.0,-665.0,1383.0
-473.0,-502.0,1129.0
-515.0,-445.0,817.0
-375.0,-415.0,720.0
-244.0,-388.0,675.0
75.0,-429.0,790.0
112.0,-407.0,724.0
505.0,-432.0,889.0
588.0,-363.0,961.0
655.0,-484.0,1179.0
345.0,-514.0,1170.0
222.0,-525.0,1249.0
110.0,-431.0,1286.0
155.0,-459.0,1482.0
125.0,-455.0,1462.0
43.0,-442.0,1349.0
37.0,-387.0,1181.0
15.0,-275.0,955.0
-2.0,-108.0,656.0
32.0,-45.0,403.0
41.0,83.0,326.0
-21.0,214.0,217.0
81.0,104.0,534.0

-,-,-
682.0,62.0,955.0
606.0,60.0,915.0
565.0,-29.0,946.0
558.0,-17.0,918.0
565.0,-6.0,856.0
477.0,-13.0,897.0
422.0,-40.0,894.0
254.0,-91.0,945.0
128.0,-219.0,985.0
-171.0,-186.0,937.0
-324.0,-165.0,893.0
-489.0,-189.0,938.0
-431.0,-189.0,907.0
-442.0,-25.0,801.0
-91.0,0.0,865.0
-115.0,-21.0,648.0
-104.0,87.0,667.0
-43.0,-99.0,640.0
-55.0,-131.0,401.0
72.0,-76.0,539.0
-1.0,-177.0,651.0
-164.0,-437.0,968.0
-5.0,-783.0,1660.0
-312.0,-650.0,1477.0
-177.0,-575.0,1524.0
-335.0,-471.0,1251.0
-313.0,-432.0,1227.0
-402.0,-420.0,1057.0
-469.0,-531.0,887.0
-234.0,-521.0,920.0
-201.0,-574.0,808.0
360.0,-530.0,940.0
551.0,-367.0,760.0
565.0,-365.0,798.0
458.0,-428.0,885.0
409.0,-454.0,1022.0
248.0,-469.0,1079.0
153.0,-435.0,1228.0
80.0,-403.0,1348.0
71.0,-429.0,1448.0
-3.0,-427.0,1433.0
81.0,-388.0,1345.0
13.0,-266.0,1126.0
23.0,-223.0,940.0
71.0,-179.0,693.0
-38.0,-80.0,503.0
13.0,41.0,372.0
101.0,61.0,302.0

-,-,-
488.0,24.0,921.0
479.0,0.0,962.0
527.0,0.0,933.0
564.0,7.0,950.0
563.0,7.0,872.0
520.0,22.0,869.0
464.0,-35.0,875.0
338.0,-8.0,912.0
225.0,-114.0,929.0
210.0,-185.0,1020.0
77.0,-158.0,901.0
74.0,-28.0,868.0
-33.0,-95.0,961.0
-359.0,-164.0,923.0
-588.0,-175.0,912.0
-585.0,-147.0,875.0
-298.0,-137.0,865.0
-133.0,-64.0,688.0
23.0,83.0,635.0
86.0,43.0,561.0
-149.0,0.0,231.0
-45.0,39.0,293.0
3.0,-345.0,675.0
-254.0,-729.0,1114.0
-242.0,-791.0,1537.0
-74.0,-676.0,1720.0
-173.0,-606.0,1464.0
-146.0,-443.0,1354.0
-246.0,-334.0,1065.0
-241.0,-318.0,1001.0
-312.0,-368.0,979.0
-410.0,-500.0,875.0
-186.0,-549.0,1022.0
-173.0,-493.0,843.0
228.0,-452.0,945.0
485.0,-379.0,844.0
821.0,-355.0,1005.0
576.0,-346.0,925.0
361.0,-335.0,939.0
137.0,-327.0,1076.0
150.0,-359.0,1270.0
101.0,-312.0,1385.0
182.0,-336.0,1505.0
100.0,-323.0,1397.0
164.0,-278.0,1234.0
79.0,-208.0,964.0
93.0,-171.0,737.0
32.0,-77.0,556.0
-7.0,15.0,364.0
14.0,135.0,245.0

-,-,-
543.0,59.0,973.0
667.0,34.0,981.0
671.0,46.0,930.0
724.0,18.0,902.0
682.0,39.0,819.0
649.0,28.0,806.0
646.0,-25.0,820.0
556.0,-22.0,859.0
438.0,-128.0,906.0
230.0,-216.0,1022.0
46.0,-304.0,949.0
-220.0,-177.0,849.0
-251.0,-175.0,928.0
-460.0,-213.0,974.0
-576.0,-155.0,1002.0
-455.0,-145.0,932.0
-199.0,-107.0,875.0
-106.0,-8.0,718.0
27.0,75.0,648.0
39.0,-41.0,579.0
0.0,-50.0,521.0
-53.0,-231.0,656.0
127.0,-195.0,843.0
-53.0,-375.0,1137.0
19.0,-507.0,1505.0
-146.0,-511.0,1542.0
-186.0,-454.0,1487.0
-120.0,-440.0,1451.0
-311.0,-435.0,1225.0
-235.0,-459.0,1138.0
-196.0,-444.0,909.0
-119.0,-416.0,825.0
168.0,-388.0,785.0
426.0,-301.0,699.0
603.0,-315.0,840.0
770.0,-310.0,972.0
553.0,-294.0,974.0
301.0,-347.0,1043.0
229.0,-308.0,1189.0
225.0,-317.0,1400.0
307.0,-350.0,1550.0
122.0,-339.0,1429.0
134.0,-395.0,1395.0
26.0,-242.0,1141.0
192.0,-74.0,943.0
222.0,-95.0,865.0
32.0,-2.0,284.0
-35.0,97.0,75.0
-72.0,101.0,267.0

-,-,-
620.0,107.0,1026.0
606.0,79.0,939.0
673.0,101.0,933.0
676.0,71.0,952.0
644.0,47.0,898.0
661.0,-32.0,847.0
582.0,42.0,811.0
653.0,-65.0,981.0
308.0,-104.0,932.0
123.0,-117.0,918.0
-53.0,-154.0,923.0
-218.0,-262.0,1038.0
-438.0,-232.0,950.0
-513.0,-145.0,889.0
-449.0,-54.0,774.0
-258.0,-66.0,683.0
-173.0,-19.0,555.0
-97.0,-1.0,450.0
58.0,-55.0,454.0
103.0,-42.0,489.0
9.0,-82.0,648.0
40.0,-291.0,1060.0
-58.0,-488.0,1301.0
-83.0,-594.0,1676.0
-47.0,-651.0,1771.0
-298.0,-553.0,1466.0
-219.0,-458.0,1236.0
-317.0,-429.0,998.0
-286.0,-452.0,875.0
-342.0,-444.0,771.0
-1.0,-499.0,873.0
36.0,-477.0,695.0
529.0,-455.0,908.0
525.0,-332.0,763.0
632.0,-408.0,985.0
625.0,-478.0,1131.0
489.0,-490.0,1185.0
302.0,-455.0,1214.0
268.0,-454.0,1345.0
211.0,-416.0,1403.0
253.0,-431.0,1414.0
34.0,-372.0,1232.0
140.0,-304.0,1136.0
51.0,-205.0,865.0
107.0,-148.0,630.0
-58.0,-47.0,364.0
38.0,19.0,344.0

-,-,-
308.0,61.0,976.0
332.0,67.0,937.0
485.0,51.0,998.0
586.0,4.0,1009.0
639.0,2.0,979.0
654.0,12.0,948.0
668.0,-42.0,904.0
607.0,-27.0,898.0
541.0,-76.0,892.0
420.0,-82.0,891.0
329.0,-116.0,957.0
246.0,-192.0,947.0
150.0,-195.0,1045.0
-116.0,-220.0,934.0
-288.0,-272.0,939.0
-469.0,-232.0,926.0
-534.0,-193.0,825.0
-487.0,-88.0,726.0
-233.0,-92.0,760.0
-127.0,-113.0,610.0
-171.0,-6.0,544.0
-101.0,-59.0,503.0
-70.0,-143.0,428.0
-119.0,-244.0,837.0
-20.0,-367.0,1043.0
-282.0,-541.0,1368.0
-9.0,-555.0,1614.0
-176.0,-522.0,1501.0
-299.0,-562.0,1422.0
-450.0,-532.0,1217.0
-473.0,-527.0,1033.0
-510.0,-473.0,796.0
-494.0,-452.0,607.0
-186.0,-454.0,794.0
-123.0,-424.0,667.0
212.0,-481.0,882.0
411.0,-399.0,833.0
650.0,-414.0,1099.0
536.0,-443.0,1096.0
315.0,-446.0,1069.0
172.0,-399.0,1113.0
169.0,-363.0,1209.0
283.0,-402.0,1379.0
185.0,-358.0,1339.0
129.0,-301.0,1296.0
252.0,-217.0,1251.0
241.0,-237.0,1184.0
67.0,-247.0,881.0
-37.0,-207.0,595.0
-75.0,-35.0,361.0

-,-,-
334.0,8.0,1042.0
408.0,59.0,1023.0
749.0,-9.0,1034.0
769.0,41.0,961.0
871.0,69.0,913.0
827.0,81.0,825.0
720.0,27.0,811.0
640.0,-91.0,830.0
438.0,-49.0,888.0
374.0,-90.0,964.0
232.0,-180.0,917.0
170.0,-170.0,951.0
17.0,-138.0,895.0
-87.0,-145.0,985.0
-300.0,-170.0,947.0
-555.0,-106.0,875.0
-549.0,-25.0,783.0
-389.0,-118.0,816.0
-291.0,14.0,578.0
-177.0,58.0,514.0
-105.0,74.0,471.0
-155.0,95.0,406.0
-104.0,-108.0,592.0
-234.0,-227.0,792.0
-205.0,-500.0,1187.0
-163.0,-616.0,1577.0
-275.0,-585.0,1537.0
-146.0,-587.0,1623.0
-439.0,-522.0,1312.0
-430.0,-520.0,1166.0
-395.0,-434.0,982.0
-354.0,-400.0,832.0
-155.0,-435.0,777.0
-106.0,-444.0,665.0
338.0,-500.0,791.0
457.0,-382.0,806.0
645.0,-437.0,1069.0
521.0,-422.0,1042.0
385.0,-449.0,1108.0
157.0,-416.0,1160.0
205.0,-432.0,1348.0
176.0,-403.0,1393.0
110.0,-377.0,1435.0
80.0,-322.0,1312.0
200.0,-265.0,1148.0
-19.0,-187.0,916.0
63.0,-329.0,736.0
-165.0,-146.0,389.0
-19.0,-18.0,311.0

-,-,-
680.0,47.0,878.0
692.0,28.0,833.0
697.0,-34.0,852.0
709.0,-66.0,846.0
610.0,-96.0,776.0
622.0,-52.0,826.0
484.0,-100.0,823.0
267.0,-174.0,906.0
54.0,-201.0,990.0
72.0,-285.0,1067.0
-117.0,-212.0,972.0
-435.0,-159.0,817.0
-354.0,-142.0,830.0
-440.0,-37.0,636.0
-167.0,-156.0,798.0
-288.0,-14.0,758.0
-218.0,-11.0,747.0
-132.0,-78.0,653.0
-187.0,-2.0,528.0
-1.0,18.0,584.0
-205.0,-225.0,729.0
-354.0,-494.0,1106.0
-189.0,-644.0,1630.0
-417.0,-570.0,1523.0
-439.0,-585.0,1410.0
-437.0,-494.0,1218.0
-508.0,-458.0,921.0
-394.0,-473.0,881.0
-340.0,-479.0,747.0
37.0,-458.0,852.0
4.0,-481.0,824.0
210.0,-482.0,739.0
497.0,-460.0,992.0
481.0,-427.0,908.0
591.0,-458.0,1096.0
309.0,-433.0,1052.0
242.0,-437.0,1158.0
170.0,-395.0,1209.0
244.0,-389.0,1427.0
155.0,-407.0,1435.0
120.0,-379.0,1442.0
87.0,-303.0,1216.0
209.0,-179.0,1178.0
211.0,-257.0,816.0
-33.0,-204.0,447.0
-121.0,-41.0,241.0

-,-,-
625.0,39.0,898.0
738.0,-16.0,1021.0
802.0,-34.0,979.0
787.0,-17.0,943.0
737.0,-34.0,837.0
697.0,-97.0,764.0
629.0,-48.0,801.0
555.0,-104.0,852.0
402.0,-163.0,843.0
237.0,-193.0,953.0
-2.0,-214.0,829.0
-228.0,-263.0,985.0
-437.0,-295.0,932.0
-646.0,-132.0,783.0
-452.0,-115.0,833.0
-297.0,-92.0,800.0
-250.0,4.0,792.0
-107.0,-62.0,776.0
-198.0,-99.0,603.0
-119.0,-36.0,479.0
9.0,-66.0,496.0
-243.0,-272.0,749.0
-84.0,-540.0,1243.0
-288.0,-521.0,1475.0
-167.0,-482.0,1483.0
-145.0,-468.0,1418.0
-341.0,-477.0,1293.0
-334.0,-462.0,1142.0
-495.0,-411.0,974.0
-443.0,-440.0,915.0
-355.0,-475.0,790.0
-129.0,-514.0,763.0
339.0,-500.0,883.0
479.0,-356.0,841.0
611.0,-364.0,985.0
519.0,-443.0,1153.0
311.0,-447.0,1286.0
221.0,-504.0,1482.0
231.0,-578.0,1605.0
113.0,-502.0,1504.0
-32.0,-481.0,1272.0
65.0,-366.0,1124.0
20.0,-243.0,881.0
-21.0,-79.0,576.0
-35.0,118.0,317.0

-,-,-
