
-,-,-
90.0,-29.0,1079.0
83.0,-2.0,998.0
48.0,-33.0,992.0
66.0,2.0,859.0
5.0,-8.0,758.0
-31.0,-31.0,604.0
-73.0,-29.0,562.0
3.0,7.0,624.0
27.0,-74.0,878.0
26.0,-130.0,1025.0
62.0,-137.0,1199.0
198.0,-173.0,1327.0
368.0,-193.0,1455.0
380.0,-225.0,1339.0
427.0,-289.0,1237.0
400.0,-214.0,1022.0
381.0,-172.0,880.0
354.0,-146.0,855.0
229.0,-184.0,934.0
91.0,-250.0,967.0
-127.0,-283.0,1012.0
-351.0,-389.0,944.0
-334.0,-341.0,1057.0
-440.0,-318.0,919.0
-377.0,-374.0,1073.0
-360.0,-344.0,1086.0
-125.0,-360.0,1334.0
88.0,-343.0,1465.0
209.0,-186.0,1250.0
-192.0,-571.0,1299.0
-45.0,-244.0,956.0
197.0,-139.0,962.0
210.0,-88.0,890.0
66.0,47.0,572.0
-20.0,-92.0,728.0
-14.0,61.0,519.0
26.0,-60.0,723.0
-42.0,-61.0,697.0
-133.0,-141.0,852.0
-276.0,-194.0,969.0
-382.0,-199.0,1065.0
-568.0,-210.0,1078.0
-639.0,-148.0,871.0
-301.0,-127.0,884.0
198.0,-83.0,966.0
513.0,74.0,873.0
564.0,26.0,958.0
564.0,-18.0,980.0
363.0,-130.0,1043.0
166.0,-178.0,1065.0

-,-,-
-21.0,-204.0,993.0
82.0,-84.0,763.0
54.0,-83.0,532.0
-159.0,69.0,365.0
37.0,96.0,595.0
42.0,62.0,806.0
88.0,-160.0,1177.0
10.0,-119.0,1267.0
159.0,-170.0,1340.0
190.0,-237.0,1512.0
235.0,-275.0,1373.0
440.0,-221.0,1214.0
513.0,-147.0,1026.0
579.0,-118.0,920.0
483.0,-128.0,833.0
156.0,-218.0,907.0
-147.0,-298.0,998.0
-204.0,-292.0,1034.0
-329.0,-245.0,1054.0
-361.0,-362.0,1175.0
-407.0,-291.0,1213.0
-344.0,-436.0,1457.0
-273.0,-392.0,1429.0
-92.0,-328.0,1315.0
-30.0,-229.0,1096.0
63.0,-68.0,795.0
88.0,-149.0,815.0
1.0,-8.0,546.0
-80.0,8.0,530.0
-180.0,43.0,508.0
-430.0,-13.0,670.0
-567.0,-330.0,903.0
-267.0,-273.0,995.0
-92.0,-164.0,944.0
142.0,-114.0,928.0
339.0,-153.0,1055.0
356.0,-182.0,1012.0
482.0,-36.0,952.0
379.0,-72.0,1000.0
361.0,-22.0,977.0
120.0,-162.0,1007.0

-,-,-
434.0,-109.0,139.0
14.0,-61.0,853.0
-19.0,-133.0,805.0
14.0,41.0,517.0
50.0,-33.0,642.0
95.0,-20.0,697.0
93.0,-113.0,893.0
-69.0,-431.0,864.0
103.0,-241.0,1244.0
208.0,-367.0,1369.0
283.0,-454.0,1507.0
426.0,-361.0,1304.0
506.0,-246.0,1126.0
499.0,-184.0,966.0
411.0,-163.0,836.0
315.0,-217.0,893.0
50.0,-260.0,908.0
-144.0,-269.0,914.0
-212.0,-381.0,1023.0
-383.0,-370.0,1073.0
-258.0,-335.0,1198.0
-337.0,-376.0,1286.0
-167.0,-356.0,1335.0
-16.0,-371.0,1382.0
106.0,-229.0,1177.0
43.0,-295.0,1081.0
21.0,-244.0,940.0
7.0,-235.0,889.0
-27.0,-171.0,767.0
37.0,-41.0,653.0
-43.0,-5.0,597.0
-149.0,-31.0,597.0
-269.0,-60.0,685.0
-219.0,-173.0,948.0
-171.0,-183.0,970.0
-183.0,-178.0,989.0
-102.0,-202.0,975.0
131.0,-210.0,997.0
295.0,-134.0,961.0
441.0,-44.0,938.0
472.0,10.0,914.0
413.0,2.0,911.0
249.0,-122.0,981.0
246.0,-154.0,1050.0

-,-,-
-30.0,-65.0,941.0
-19.0,-112.0,875.0
-7.0,-109.0,736.0
-9.0,-84.0,617.0
0.0,-19.0,567.0
91.0,-39.0,699.0
106.0,-106.0,855.0
26.0,-229.0,996.0
34.0,-313.0,1205.0
57.0,-446.0,1312.0
220.0,-439.0,1380.0
276.0,-452.0,1385.0
486.0,-386.0,1310.0
448.0,-347.0,1134.0
537.0,-233.0,925.0
421.0,-255.0,919.0
318.0,-236.0,820.0
19.0,-326.0,856.0
-128.0,-377.0,970.0
-298.0,-333.0,1011.0
-475.0,-439.0,1094.0
-439.0,-384.0,1125.0
-383.0,-405.0,1241.0
-193.0,-377.0,1343.0
-96.0,-396.0,1340.0
56.0,-369.0,1251.0
45.0,-311.0,1098.0
115.0,-160.0,870.0
-93.0,-295.0,875.0
0.0,-20.0,571.0
-153.0,-88.0,597.0
-179.0,-62.0,578.0
-291.0,-63.0,589.0
-408.0,-169.0,795.0
-368.0,-179.0,947.0
-212.0,-107.0,993.0
-210.0,-213.0,1060.0
19.0,-216.0,1067.0
225.0,-150.0,951.0
352.0,-87.0,887.0
562.0,1.0,896.0
549.0,-19.0,914.0
444.0,-24.0,933.0
240.0,-80.0,937.0

-,-,-
-20.0,-71.0,859.0
78.0,-2.0,812.0
-41.0,-85.0,728.0
106.0,-63.0,686.0
117.0,-29.0,704.0
166.0,-73.0,828.0
124.0,-164.0,998.0
24.0,-224.0,1129.0
100.0,-306.0,1200.0
147.0,-449.0,1370.0
333.0,-380.0,1351.0
434.0,-341.0,1283.0
549.0,-265.0,1137.0
485.0,-275.0,992.0
340.0,-235.0,858.0
318.0,-236.0,888.0
-35.0,-345.0,931.0
-336.0,-428.0,962.0
-406.0,-423.0,1042.0
-469.0,-461.0,1217.0
-465.0,-434.0,1334.0
-218.0,-439.0,1480.0
-61.0,-377.0,1397.0
13.0,-239.0,1116.0
-16.0,-278.0,1019.0
128.0,-82.0,773.0
-85.0,-234.0,763.0
-54.0,-53.0,569.0
3.0,17.0,555.0
-155.0,-57.0,627.0
-246.0,-8.0,635.0
-374.0,-155.0,915.0
-229.0,-144.0,1033.0
-270.0,-161.0,998.0
-104.0,-225.0,1116.0
107.0,-174.0,1031.0
321.0,-109.0,946.0
546.0,-73.0,935.0
557.0,73.0,788.0
496.0,-7.0,937.0
411.0,-48.0,995.0

-,-,-
143.0,-25.0,840.0
69.0,-105.0,842.0
85.0,-21.0,646.0
118.0,7.0,568.0
66.0,-25.0,592.0
54.0,-97.0,666.0
49.0,-176.0,859.0
210.0,-278.0,882.0
128.0,-309.0,1181.0
169.0,-378.0,1263.0
273.0,-540.0,1514.0
392.0,-457.0,1414.0
424.0,-373.0,1176.0
502.0,-328.0,995.0
479.0,-239.0,859.0
403.0,-201.0,892.0
118.0,-297.0,916.0
-151.0,-355.0,1001.0
-267.0,-340.0,1059.0
-272.0,-311.0,1081.0
-301.0,-355.0,1114.0
-388.0,-364.0,1211.0
-259.0,-494.0,1488.0
-81.0,-437.0,1460.0
29.0,-297.0,1260.0
-106.0,-402.0,1137.0
-14.0,-53.0,698.0
-108.0,-240.0,812.0
-8.0,-112.0,595.0
-11.0,38.0,457.0
-338.0,-250.0,635.0
-365.0,-56.0,479.0
-299.0,-229.0,926.0
-58.0,-142.0,916.0
-170.0,-175.0,878.0
63.0,-202.0,944.0
482.0,-106.0,1002.0
607.0,-87.0,1006.0
595.0,-109.0,1015.0
451.0,-130.0,980.0
138.0,-221.0,1014.0

-,-,-
-6.0,-157.0,979.0
126.0,-72.0,969.0
74.0,-18.0,825.0
98.0,-4.0,674.0
-26.0,-8.0,491.0
114.0,-31.0,553.0
49.0,-100.0,628.0
-16.0,-120.0,625.0
-11.0,-231.0,991.0
117.0,-217.0,1204.0
153.0,-382.0,1451.0
192.0,-452.0,1520.0
304.0,-407.0,1380.0
433.0,-352.0,1270.0
547.0,-244.0,1045.0
613.0,-192.0,912.0
460.0,-212.0,808.0
388.0,-228.0,856.0
-2.0,-368.0,875.0
-190.0,-390.0,963.0
-390.0,-382.0,1001.0
-432.0,-419.0,1092.0
-447.0,-316.0,1051.0
-444.0,-451.0,1317.0
-125.0,-418.0,1480.0
-86.0,-490.0,1497.0
32.0,-388.0,1271.0
-52.0,-342.0,1084.0
7.0,-159.0,800.0
-82.0,-173.0,686.0
-112.0,-49.0,558.0
-113.0,-30.0,555.0
-84.0,31.0,511.0
-264.0,-110.0,617.0
-311.0,-86.0,772.0
-395.0,-176.0,943.0
-338.0,-197.0,1014.0
-200.0,-231.0,994.0
103.0,-244.0,1075.0
425.0,-155.0,1015.0
441.0,-191.0,1022.0
608.0,-62.0,897.0
413.0,-149.0,959.0
290.0,-160.0,1021.0

-,-,-
41.0,-47.0,811.0
79.0,-154.0,895.0
18.0,-102.0,622.0
-22.0,-105.0,522.0
-96.0,-154.0,539.0
91.0,-60.0,638.0
49.0,-163.0,958.0
33.0,-319.0,1117.0
139.0,-441.0,1298.0
155.0,-494.0,1419.0
251.0,-572.0,1427.0
393.0,-511.0,1290.0
516.0,-444.0,1143.0
575.0,-305.0,935.0
589.0,-232.0,777.0
453.0,-233.0,784.0
204.0,-286.0,859.0
-181.0,-462.0,923.0
-360.0,-437.0,908.0
-459.0,-392.0,959.0
-448.0,-363.0,1005.0
-352.0,-329.0,1074.0
-243.0,-416.0,1287.0
-72.0,-442.0,1418.0
20.0,-484.0,1404.0
-53.0,-431.0,1224.0
-45.0,-385.0,1064.0
5.0,-253.0,860.0
67.0,-76.0,687.0
104.0,-183.0,788.0
19.0,-20.0,543.0
-62.0,-46.0,557.0
-205.0,-52.0,603.0
-346.0,-117.0,755.0
-228.0,-287.0,1118.0
-172.0,-149.0,1053.0
-224.0,-183.0,1012.0
-60.0,-207.0,1022.0
66.0,-94.0,841.0
164.0,-259.0,993.0
533.0,-45.0,934.0
587.0,4.0,895.0
485.0,-77.0,978.0

-,-,-
21.0,-92.0,829.0
14.0,-162.0,851.0
7.0,-168.0,758.0
-28.0,-109.0,589.0
2.0,-120.0,578.0
86.0,-60.0,637.0
-117.0,-209.0,825.0
-6.0,-281.0,1005.0
-28.0,-346.0,1172.0
-22.0,-446.0,1355.0
84.0,-459.0,1405.0
145.0,-449.0,1374.0
306.0,-414.0,1227.0
390.0,-293.0,972.0
500.0,-235.0,940.0
444.0,-285.0,878.0
239.0,-317.0,889.0
39.0,-400.0,924.0
-250.0,-466.0,828.0
-443.0,-329.0,912.0
-504.0,-393.0,978.0
-476.0,-369.0,1055.0
-373.0,-340.0,1153.0
-226.0,-424.0,1362.0
-83.0,-374.0,1357.0
10.0,-390.0,1352.0
-18.0,-293.0,1142.0
-61.0,-212.0,971.0
29.0,-230.0,992.0
50.0,-35.0,745.0
-35.0,-188.0,880.0
-8.0,12.0,571.0
-54.0,20.0,591.0
-149.0,-21.0,622.0
-292.0,-13.0,663.0
-322.0,-96.0,875.0
-308.0,-96.0,962.0
-300.0,-96.0,1042.0
-163.0,-111.0,1095.0
-93.0,-89.0,1069.0
-6.0,-83.0,951.0
181.0,-75.0,919.0
405.0,18.0,892.0
406.0,4.0,878.0
358.0,-104.0,1019.0

-,-,-
83.0,-8.0,852.0
-74.0,-104.0,904.0
-55.0,-127.0,852.0
-31.0,-27.0,629.0
6.0,-97.0,734.0
119.0,-32.0,686.0
70.0,-42.0,728.0
54.0,-111.0,821.0
-51.0,-198.0,975.0
-27.0,-341.0,1237.0
-51.0,-472.0,1434.0
15.0,-458.0,1407.0
97.0,-423.0,1323.0
240.0,-380.0,1188.0
383.0,-306.0,1034.0
453.0,-251.0,902.0
378.0,-309.0,895.0
296.0,-280.0,849.0
10.0,-350.0,882.0
-113.0,-430.0,1038.0
-305.0,-375.0,998.0
-414.0,-315.0,965.0
-524.0,-439.0,1093.0
-554.0,-440.0,1246.0
-407.0,-562.0,1479.0
-58.0,-502.0,1523.0
-14.0,-347.0,1185.0
-132.0,-403.0,1034.0
-39.0,-142.0,713.0
-98.0,-270.0,822.0
-119.0,-103.0,572.0
-133.0,-33.0,506.0
-276.0,-158.0,609.0
-296.0,-59.0,566.0
-335.0,-159.0,808.0
-348.0,-95.0,831.0
-474.0,-69.0,741.0
-259.0,-156.0,947.0
97.0,-103.0,999.0
343.0,-140.0,1068.0
563.0,-51.0,1056.0
483.0,-44.0,984.0
317.0,-92.0,1053.0
147.0,-160.0,1003.0

-,-,-
19.0,37.0,890.0
-4.0,-49.0,963.0
21.0,-35.0,844.0
-2.0,-83.0,787.0
-27.0,-46.0,649.0
15.0,-2.0,549.0
55.0,-15.0,636.0
27.0,-101.0,813.0
31.0,-192.0,983.0
-24.0,-310.0,1114.0
-99.0,-365.0,1237.0
-12.0,-457.0,1407.0
99.0,-415.0,1412.0
253.0,-430.0,1457.0
373.0,-385.0,1299.0
437.0,-310.0,1065.0
466.0,-210.0,859.0
294.0,-249.0,812.0
213.0,-254.0,748.0
-18.0,-219.0,751.0
-353.0,-390.0,922.0
-589.0,-510.0,1033.0
-627.0,-439.0,1025.0
-528.0,-412.0,1165.0
-389.0,-325.0,1225.0
-246.0,-375.0,1399.0
-107.0,-347.0,1327.0
4.0,-258.0,1112.0
-57.0,-381.0,1136.0
-20.0,-207.0,839.0
-54.0,-305.0,916.0
-38.0,-114.0,685.0
28.0,25.0,601.0
-156.0,-69.0,700.0
-189.0,99.0,598.0
-467.0,-132.0,677.0
-533.0,-130.0,649.0
-508.0,-220.0,902.0
-265.0,-152.0,948.0
-372.0,-216.0,925.0
-244.0,-218.0,923.0
300.0,-102.0,1057.0
577.0,-22.0,1074.0
508.0,-93.0,1096.0
376.0,-110.0,1028.0
180.0,-130.0,1008.0

-,-,-
-29.0,-51.0,766.0
-37.0,-180.0,829.0
34.0,-73.0,649.0
38.0,-149.0,662.0
29.0,-148.0,432.0
99.0,-152.0,833.0
24.0,-229.0,1014.0
28.0,-356.0,1181.0
-50.0,-416.0,1320.0
48.0,-438.0,1358.0
169.0,-474.0,1357.0
336.0,-434.0,1272.0
416.0,-352.0,1096.0
455.0,-296.0,972.0
330.0,-267.0,873.0
236.0,-296.0,867.0
78.0,-295.0,838.0
-206.0,-450.0,872.0
-408.0,-468.0,1003.0
-410.0,-270.0,859.0
-456.0,-408.0,1039.0
-483.0,-464.0,1163.0
-336.0,-568.0,1409.0
-112.0,-469.0,1443.0
-24.0,-369.0,1326.0
-113.0,-369.0,1193.0
-58.0,-165.0,894.0
-80.0,-268.0,916.0
-44.0,-41.0,615.0
-71.0,-22.0,607.0
-193.0,-119.0,628.0
-229.0,18.0,522.0
-398.0,-99.0,671.0
-260.0,-78.0,843.0
-313.0,-43.0,847.0
-328.0,-183.0,969.0
-147.0,-188.0,983.0
174.0,-135.0,926.0
557.0,-36.0,1064.0
636.0,4.0,995.0
484.0,-92.0,1120.0

-,-,-
17.0,-83.0,951.0
47.0,-90.0,919.0
77.0,-89.0,851.0
83.0,-68.0,688.0
53.0,-25.0,552.0
119.0,-22.0,625.0
34.0,-83.0,808.0
85.0,-129.0,838.0
109.0,-191.0,1073.0
-57.0,-310.0,1201.0
-15.0,-388.0,1256.0
76.0,-388.0,1329.0
295.0,-396.0,1387.0
438.0,-377.0,1291.0
436.0,-320.0,1090.0
383.0,-301.0,954.0
332.0,-280.0,859.0
292.0,-280.0,845.0
-45.0,-273.0,903.0
-157.0,-309.0,785.0
-497.0,-547.0,1017.0
-546.0,-426.0,936.0
-519.0,-390.0,993.0
-415.0,-354.0,1069.0
-285.0,-369.0,1184.0
-121.0,-410.0,1344.0
-5.0,-433.0,1373.0
-100.0,-401.0,1209.0
-105.0,-385.0,1112.0
6.0,-185.0,930.0
-19.0,-196.0,866.0
19.0,-104.0,787.0
86.0,33.0,649.0
-7.0,-18.0,671.0
-57.0,11.0,594.0
-366.0,-17.0,566.0
-636.0,-159.0,732.0
-355.0,-235.0,1034.0
-145.0,-106.0,1021.0
-171.0,-97.0,1053.0
-43.0,-85.0,943.0
1.0,-237.0,1072.0
276.0,-107.0,996.0
397.0,-67.0,970.0
421.0,-68.0,983.0
297.0,-122.0,1039.0
183.0,-220.0,1028.0

-,-,-
-57.0,-95.0,872.0
21.0,-38.0,780.0
-73.0,-83.0,553.0
4.0,-33.0,417.0
27.0,-51.0,522.0
98.0,44.0,870.0
-52.0,-319.0,979.0
-86.0,-447.0,1394.0
-73.0,-463.0,1444.0
-10.0,-427.0,1386.0
189.0,-437.0,1372.0
298.0,-363.0,1229.0
371.0,-311.0,1056.0
385.0,-306.0,914.0
352.0,-248.0,886.0
243.0,-317.0,806.0
-60.0,-316.0,820.0
-385.0,-391.0,892.0
-530.0,-443.0,962.0
-507.0,-347.0,1009.0
-427.0,-419.0,1188.0
-417.0,-408.0,1225.0
-382.0,-487.0,1352.0
-182.0,-438.0,1335.0
-154.0,-433.0,1292.0
-97.0,-301.0,1085.0
-56.0,-196.0,956.0
57.0,-100.0,880.0
1.0,-15.0,713.0
-66.0,-9.0,630.0
-86.0,48.0,547.0
-13.0,80.0,557.0
-229.0,-88.0,736.0
-257.0,-26.0,829.0
-415.0,-167.0,1031.0
-373.0,-162.0,981.0
-437.0,-165.0,1011.0
-241.0,-160.0,1048.0
-25.0,-29.0,908.0
357.0,16.0,977.0
543.0,62.0,947.0
512.0,12.0,972.0

-,-,-
-14.0,-158.0,962.0
13.0,11.0,956.0
28.0,-3.0,895.0
17.0,-19.0,791.0
26.0,-61.0,716.0
55.0,-44.0,611.0
25.0,-15.0,489.0
24.0,-113.0,688.0
-27.0,-131.0,761.0
-34.0,-270.0,945.0
-62.0,-302.0,1175.0
-31.0,-337.0,1274.0
-24.0,-566.0,1482.0
91.0,-528.0,1458.0
250.0,-401.0,1276.0
397.0,-365.0,1129.0
392.0,-250.0,886.0
392.0,-279.0,851.0
276.0,-245.0,783.0
108.0,-371.0,927.0
-309.0,-630.0,1192.0
-245.0,-308.0,860.0
-354.0,-372.0,914.0
-483.0,-354.0,847.0
-549.0,-400.0,880.0
-405.0,-404.0,1082.0
-279.0,-377.0,1240.0
-70.0,-459.0,1480.0
-45.0,-469.0,1410.0
-45.0,-451.0,1295.0
-40.0,-350.0,1071.0
-44.0,-263.0,939.0
24.0,-148.0,848.0
-26.0,-21.0,666.0
-138.0,-77.0,668.0
-84.0,24.0,565.0
-232.0,-21.0,581.0
-257.0,-51.0,697.0
-332.0,-16.0,780.0
-300.0,-85.0,954.0
-310.0,-95.0,931.0
-283.0,-72.0,877.0
-276.0,-221.0,1044.0
164.0,-79.0,1057.0
419.0,110.0,950.0
570.0,116.0,984.0
536.0,134.0,877.0
437.0,38.0,965.0
210.0,-58.0,979.0

-,-,-
74.0,-89.0,976.0
-7.0,-121.0,967.0
33.0,-61.0,884.0
132.0,0.0,756.0
63.0,21.0,589.0
8.0,-46.0,511.0
47.0,-31.0,611.0
88.0,-118.0,772.0
74.0,-325.0,1065.0
33.0,-363.0,1180.0
-47.0,-507.0,1359.0
24.0,-481.0,1382.0
124.0,-484.0,1383.0
228.0,-420.0,1298.0
331.0,-403.0,1160.0
377.0,-308.0,961.0
401.0,-270.0,886.0
384.0,-248.0,844.0
210.0,-274.0,947.0
236.0,-308.0,864.0
-279.0,-481.0,1015.0
-292.0,-404.0,961.0
-461.0,-328.0,982.0
-485.0,-329.0,993.0
-493.0,-348.0,1025.0
-376.0,-380.0,1169.0
-50.0,-374.0,1338.0
3.0,-360.0,1315.0
-145.0,-485.0,1271.0
-51.0,-374.0,1104.0
-34.0,-259.0,990.0
-8.0,-194.0,872.0
-5.0,-25.0,702.0
-47.0,-153.0,817.0
-44.0,6.0,619.0
40.0,42.0,688.0
-63.0,-18.0,731.0
-178.0,17.0,705.0
-474.0,-281.0,995.0
-360.0,-147.0,974.0
-397.0,-144.0,1009.0
-252.0,-157.0,1039.0
-234.0,-88.0,890.0
-87.0,-117.0,970.0
182.0,-66.0,983.0
308.0,-3.0,902.0
469.0,3.0,971.0
528.0,66.0,914.0
407.0,-44.0,942.0
228.0,-139.0,1025.0

-,-,-
375.0,-305.0,57.0
25.0,-2.0,923.0
47.0,-17.0,907.0
40.0,-69.0,823.0
6.0,-92.0,721.0
43.0,-42.0,594.0
168.0,-9.0,631.0
127.0,-38.0,783.0
-23.0,-181.0,915.0
25.0,-215.0,1102.0
-70.0,-263.0,1270.0
23.0,-326.0,1319.0
174.0,-325.0,1419.0
246.0,-312.0,1365.0
325.0,-283.0,1199.0
323.0,-254.0,1030.0
335.0,-231.0,927.0
253.0,-225.0,836.0
203.0,-171.0,886.0
-122.0,-337.0,882.0
-51.0,-354.0,934.0
-371.0,-437.0,969.0
-406.0,-428.0,1009.0
-445.0,-416.0,1026.0
-244.0,-382.0,1217.0
-149.0,-376.0,1251.0
-9.0,-315.0,1367.0
34.0,-313.0,1292.0
-70.0,-340.0,1093.0
26.0,-321.0,1071.0
-21.0,-241.0,917.0
-47.0,-161.0,789.0
4.0,-27.0,675.0
-55.0,-4.0,667.0
-70.0,60.0,616.0
-237.0,-41.0,714.0
-150.0,21.0,780.0
-428.0,-115.0,875.0
-305.0,-83.0,995.0
-333.0,-29.0,927.0
-216.0,-132.0,1076.0
12.0,-113.0,981.0
117.0,-166.0,989.0
329.0,-152.0,1003.0
387.0,-120.0,989.0
331.0,-204.0,1073.0
368.0,-101.0,951.0
347.0,-63.0,959.0

-,-,-
-56.0,-40.0,884.0
166.0,-65.0,1037.0
-4.0,-41.0,861.0
26.0,-65.0,895.0
20.0,-84.0,723.0
-20.0,-58.0,611.0
45.0,-2.0,619.0
45.0,-7.0,664.0
-26.0,-200.0,872.0
-72.0,-251.0,1055.0
-43.0,-351.0,1264.0
-34.0,-439.0,1337.0
81.0,-436.0,1388.0
173.0,-436.0,1377.0
265.0,-405.0,1245.0
358.0,-302.0,1032.0
509.0,-221.0,890.0
390.0,-244.0,912.0
290.0,-250.0,835.0
121.0,-204.0,859.0
-65.0,-363.0,1014.0
-254.0,-463.0,983.0
-444.0,-333.0,905.0
-429.0,-409.0,990.0
-409.0,-365.0,1034.0
-491.0,-371.0,1104.0
-377.0,-442.0,1282.0
-15.0,-388.0,1455.0
111.0,-385.0,1341.0
-129.0,-455.0,1163.0
-147.0,-288.0,842.0
-165.0,-251.0,800.0
-75.0,-161.0,729.0
-124.0,-52.0,650.0
-15.0,-46.0,717.0
-128.0,-94.0,697.0
-123.0,-79.0,755.0
-244.0,-122.0,833.0
-338.0,-68.0,862.0
-465.0,-141.0,987.0
-554.0,-110.0,864.0
-385.0,-102.0,928.0
-65.0,-138.0,1086.0
102.0,-57.0,945.0
326.0,-53.0,964.0
468.0,60.0,898.0
465.0,27.0,963.0
363.0,-77.0,1039.0

-,-,-
-47.0,14.0,843.0
-61.0,-53.0,912.0
-40.0,-86.0,750.0
-16.0,-57.0,547.0
12.0,-29.0,515.0
-62.0,-83.0,649.0
74.0,-109.0,859.0
-62.0,-268.0,1093.0
-126.0,-368.0,1276.0
-12.0,-448.0,1468.0
153.0,-427.0,1415.0
270.0,-416.0,1262.0
322.0,-359.0,1073.0
488.0,-265.0,989.0
486.0,-252.0,995.0
267.0,-268.0,959.0
-111.0,-466.0,1026.0
-232.0,-389.0,898.0
-425.0,-366.0,946.0
-404.0,-234.0,872.0
-565.0,-418.0,1093.0
-422.0,-439.0,1334.0
-112.0,-489.0,1530.0
-50.0,-449.0,1425.0
-71.0,-255.0,1109.0
-198.0,-268.0,937.0
-167.0,-194.0,835.0
-83.0,-39.0,655.0
-179.0,-192.0,778.0
-176.0,4.0,561.0
-256.0,-70.0,672.0
-295.0,-105.0,831.0
-470.0,-33.0,789.0
-665.0,-166.0,915.0
-872.0,-109.0,675.0
-566.0,-164.0,920.0
111.0,-86.0,1006.0
527.0,42.0,946.0
601.0,83.0,912.0
600.0,-11.0,859.0

-,-,-
0.0,88.0,947.0
-164.0,-100.0,1009.0
-63.0,-104.0,978.0
-62.0,-152.0,876.0
-58.0,-186.0,697.0
3.0,-188.0,572.0
-80.0,-104.0,510.0
44.0,-83.0,583.0
150.0,-88.0,979.0
133.0,-102.0,1147.0
252.0,-214.0,1412.0
351.0,-284.0,1504.0
379.0,-382.0,1494.0
473.0,-270.0,1256.0
479.0,-137.0,939.0
390.0,-160.0,833.0
344.0,-79.0,705.0
210.0,-208.0,821.0
10.0,-276.0,932.0
-312.0,-493.0,1092.0
-219.0,-415.0,1067.0
-424.0,-340.0,948.0
-217.0,-251.0,1004.0
-260.0,-401.0,1193.0
-208.0,-471.0,1425.0
-118.0,-418.0,1385.0
-150.0,-342.0,1206.0
-158.0,-325.0,1093.0
-104.0,-251.0,973.0
17.0,-238.0,953.0
-19.0,-103.0,736.0
-17.0,-7.0,632.0
-100.0,-107.0,694.0
-138.0,-17.0,645.0
-328.0,-2.0,645.0
-520.0,-215.0,823.0
-385.0,-172.0,943.0
-154.0,-33.0,847.0
-157.0,-302.0,1161.0
143.0,-68.0,919.0
103.0,-83.0,937.0
455.0,-41.0,1026.0
616.0,131.0,910.0
468.0,-5.0,908.0

-,-,-
9.0,-99.0,895.0
72.0,-69.0,856.0
58.0,-31.0,835.0
65.0,-34.0,732.0
35.0,-106.0,688.0
44.0,-182.0,569.0
-71.0,-149.0,652.0
-44.0,-150.0,721.0
-67.0,-207.0,978.0
15.0,-272.0,1196.0
135.0,-317.0,1403.0
168.0,-363.0,1457.0
266.0,-350.0,1433.0
238.0,-351.0,1302.0
319.0,-226.0,1028.0
405.0,-134.0,882.0
358.0,-206.0,853.0
302.0,-233.0,902.0
170.0,-170.0,800.0
-175.0,-495.0,989.0
-90.0,-311.0,914.0
-479.0,-496.0,1055.0
-353.0,-439.0,1017.0
-387.0,-415.0,1043.0
-270.0,-454.0,1242.0
-209.0,-393.0,1192.0
-51.0,-478.0,1409.0
-91.0,-400.0,1235.0
-86.0,-300.0,1109.0
-45.0,-352.0,1128.0
-122.0,-218.0,912.0
98.0,-158.0,911.0
-73.0,-69.0,708.0
5.0,134.0,549.0
-111.0,-81.0,745.0
-101.0,130.0,508.0
-313.0,-41.0,671.0
-236.0,-135.0,883.0
-285.0,-115.0,922.0
-502.0,-327.0,1089.0
-265.0,-206.0,1009.0
-158.0,-140.0,961.0
118.0,-161.0,1105.0
313.0,-3.0,906.0
459.0,0.0,987.0
569.0,119.0,889.0
305.0,-69.0,969.0
303.0,-228.0,1104.0
21.0,-286.0,1121.0

-,-,-
0.0,-59.0,986.0
40.0,-58.0,903.0
11.0,-32.0,742.0
20.0,-71.0,666.0
56.0,6.0,488.0
0.0,-96.0,594.0
-68.0,-79.0,654.0
-79.0,-170.0,879.0
-47.0,-310.0,1230.0
25.0,-380.0,1414.0
39.0,-453.0,1522.0
62.0,-430.0,1412.0
125.0,-439.0,1323.0
218.0,-313.0,1070.0
395.0,-225.0,958.0
330.0,-249.0,856.0
340.0,-195.0,826.0
123.0,-200.0,751.0
-213.0,-398.0,891.0
-217.0,-376.0,945.0
-340.0,-445.0,1070.0
-256.0,-329.0,1039.0
-314.0,-325.0,967.0
-323.0,-333.0,1059.0
-385.0,-423.0,1176.0
-150.0,-415.0,1307.0
-39.0,-479.0,1397.0
-63.0,-343.0,1185.0
-63.0,-257.0,993.0
62.0,-171.0,915.0
-89.0,-227.0,878.0
-259.0,-326.0,912.0
0.0,-133.0,740.0
5.0,-50.0,753.0
-93.0,-52.0,716.0
-177.0,-24.0,661.0
-184.0,-10.0,704.0
-378.0,-126.0,793.0
-338.0,-180.0,916.0
-454.0,-210.0,888.0
-420.0,-289.0,981.0
22.0,-56.0,970.0
218.0,-11.0,984.0
308.0,-104.0,1093.0
339.0,-4.0,953.0
398.0,-15.0,1011.0
373.0,-44.0,981.0
219.0,-177.0,1028.0

-,-,-
-12.0,-89.0,939.0
62.0,-22.0,808.0
4.0,-81.0,720.0
17.0,-66.0,566.0
136.0,-49.0,622.0
10.0,-81.0,719.0
50.0,-148.0,901.0
-22.0,-130.0,962.0
-13.0,-320.0,1219.0
29.0,-270.0,1283.0
127.0,-325.0,1393.0
55.0,-317.0,1320.0
194.0,-333.0,1358.0
375.0,-208.0,1167.0
373.0,-243.0,1057.0
366.0,-164.0,881.0
329.0,-90.0,766.0
389.0,-7.0,722.0
-27.0,-278.0,919.0
-81.0,-347.0,1037.0
-394.0,-539.0,1102.0
-212.0,-333.0,1075.0
-390.0,-382.0,1116.0
-339.0,-336.0,1165.0
-375.0,-358.0,1124.0
-222.0,-387.0,1288.0
-166.0,-371.0,1299.0
-104.0,-293.0,1130.0
-84.0,-161.0,931.0
-167.0,-265.0,989.0
-65.0,-91.0,739.0
-44.0,-36.0,756.0
3.0,15.0,697.0
-52.0,88.0,639.0
-153.0,23.0,680.0
-155.0,19.0,727.0
-341.0,-123.0,817.0
-89.0,-152.0,1023.0
-464.0,-221.0,883.0
-241.0,-246.0,1113.0
-84.0,-165.0,1056.0
-86.0,-217.0,1059.0
268.0,-71.0,1019.0
423.0,62.0,936.0
505.0,76.0,891.0
315.0,-38.0,1004.0

-,-,-
-78.0,-77.0,925.0
-48.0,-147.0,1029.0
17.0,-41.0,792.0
-57.0,-120.0,745.0
42.0,1.0,568.0
95.0,-59.0,688.0
74.0,-85.0,763.0
-35.0,-199.0,928.0
-32.0,-293.0,1260.0
18.0,-264.0,1354.0
84.0,-254.0,1360.0
176.0,-339.0,1389.0
314.0,-244.0,1195.0
457.0,-232.0,1073.0
471.0,-180.0,965.0
409.0,-150.0,886.0
323.0,-190.0,863.0
57.0,-293.0,887.0
-132.0,-287.0,900.0
-269.0,-398.0,1023.0
-349.0,-328.0,961.0
-433.0,-354.0,993.0
-461.0,-355.0,996.0
-358.0,-410.0,1176.0
-34.0,-367.0,1356.0
-7.0,-395.0,1411.0
-64.0,-335.0,1184.0
-79.0,-227.0,1015.0
-116.0,-270.0,1010.0
61.0,-90.0,817.0
-248.0,-233.0,828.0
35.0,-62.0,732.0
-47.0,-66.0,706.0
-53.0,-118.0,814.0
-88.0,-72.0,826.0
-264.0,-144.0,932.0
-306.0,-147.0,968.0
-411.0,-142.0,1001.0
-349.0,-125.0,999.0
-386.0,-178.0,1012.0
-204.0,-135.0,895.0
169.0,-84.0,893.0
310.0,-65.0,897.0
546.0,-37.0,897.0
519.0,22.0,873.0
486.0,12.0,969.0
382.0,2.0,970.0
229.0,-93.0,1062.0

-,-,-
64.0,-133.0,1086.0
42.0,-35.0,819.0
6.0,-63.0,685.0
36.0,-11.0,504.0
111.0,-15.0,569.0
95.0,54.0,514.0
56.0,-75.0,724.0
13.0,-116.0,989.0
-39.0,-325.0,1377.0
33.0,-349.0,1474.0
51.0,-386.0,1488.0
112.0,-423.0,1457.0
191.0,-371.0,1290.0
349.0,-300.0,1124.0
394.0,-265.0,965.0
469.0,-194.0,841.0
378.0,-232.0,787.0
205.0,-154.0,726.0
32.0,-316.0,872.0
-394.0,-465.0,989.0
-350.0,-354.0,961.0
-543.0,-420.0,1018.0
-231.0,-246.0,971.0
-263.0,-326.0,1052.0
-310.0,-388.0,1189.0
-208.0,-396.0,1239.0
-191.0,-465.0,1399.0
-85.0,-303.0,1227.0
-200.0,-329.0,1132.0
-17.0,-215.0,979.0
-36.0,-311.0,979.0
-225.0,-210.0,645.0
-106.0,-131.0,644.0
-130.0,-174.0,696.0
-165.0,-133.0,637.0
-276.0,-159.0,714.0
-429.0,-347.0,874.0
-558.0,-368.0,909.0
-636.0,-365.0,897.0
-359.0,-180.0,877.0
107.0,-9.0,938.0
564.0,103.0,989.0
585.0,68.0,942.0
404.0,-31.0,922.0

-,-,-
47.0,-35.0,940.0
0.0,-76.0,952.0
20.0,6.0,726.0
5.0,-20.0,605.0
126.0,31.0,605.0
76.0,75.0,513.0
174.0,0.0,767.0
36.0,-135.0,1006.0
-100.0,-302.0,1227.0
17.0,-374.0,1471.0
61.0,-435.0,1466.0
196.0,-380.0,1391.0
359.0,-329.0,1229.0
415.0,-293.0,1064.0
477.0,-223.0,915.0
359.0,-268.0,861.0
227.0,-233.0,873.0
164.0,-244.0,910.0
-184.0,-382.0,959.0
-396.0,-393.0,1032.0
-552.0,-444.0,1027.0
-480.0,-440.0,1103.0
-379.0,-494.0,1207.0
-212.0,-419.0,1338.0
-83.0,-472.0,1425.0
-131.0,-366.0,1209.0
-257.0,-295.0,1031.0
-152.0,-359.0,1154.0
-207.0,-255.0,866.0
-62.0,-145.0,736.0
-145.0,-31.0,599.0
15.0,110.0,486.0
-285.0,-115.0,694.0
-335.0,20.0,573.0
-594.0,-225.0,755.0
-471.0,-257.0,938.0
-357.0,-122.0,895.0
-333.0,-230.0,1042.0
60.0,-98.0,994.0
281.0,-54.0,991.0
494.0,-51.0,1089.0
559.0,93.0,889.0
409.0,-30.0,950.0
206.0,-221.0,1050.0
32.0,-265.0,1132.0

-,-,-
48.0,4.0,884.0
6.0,-45.0,972.0
72.0,35.0,821.0
3.0,-52.0,763.0
4.0,-53.0,642.0
-22.0,-27.0,502.0
-7.0,-55.0,629.0
-25.0,3.0,678.0
-33.0,-134.0,1201.0
-23.0,-359.0,1365.0
-28.0,-455.0,1544.0
120.0,-427.0,1491.0
207.0,-434.0,1473.0
334.0,-328.0,1259.0
381.0,-227.0,1028.0
451.0,-90.0,808.0
357.0,-121.0,756.0
489.0,-46.0,742.0
62.0,-250.0,1017.0
-1.0,-280.0,1000.0
-403.0,-450.0,1082.0
-625.0,-468.0,1058.0
-402.0,-269.0,955.0
-381.0,-309.0,1049.0
-242.0,-354.0,1129.0
-335.0,-433.0,1315.0
-56.0,-371.0,1426.0
-66.0,-494.0,1454.0
-148.0,-320.0,1167.0
-95.0,-193.0,979.0
-169.0,-293.0,935.0
-52.0,-21.0,629.0
-125.0,-133.0,775.0
54.0,92.0,565.0
-13.0,100.0,577.0
-263.0,-117.0,755.0
-389.0,-63.0,694.0
-526.0,-298.0,906.0
-464.0,-293.0,1034.0
-443.0,-100.0,903.0
-402.0,-217.0,1115.0
117.0,-34.0,1040.0
397.0,47.0,918.0
472.0,-36.0,1062.0
538.0,95.0,886.0
353.0,-82.0,1078.0

-,-,-
-66.0,-88.0,1068.0
67.0,102.0,775.0
-10.0,-12.0,780.0
-12.0,15.0,610.0
-1.0,70.0,527.0
41.0,13.0,653.0
19.0,-16.0,719.0
-38.0,-99.0,969.0
-78.0,-198.0,1183.0
3.0,-254.0,1331.0
35.0,-320.0,1386.0
-3.0,-405.0,1407.0
194.0,-324.0,1318.0
236.0,-351.0,1257.0
381.0,-256.0,1029.0
406.0,-248.0,941.0
328.0,-244.0,750.0
152.0,-229.0,800.0
68.0,-281.0,970.0
-238.0,-377.0,928.0
-463.0,-486.0,983.0
-520.0,-394.0,931.0
-559.0,-390.0,896.0
-420.0,-416.0,1019.0
-282.0,-371.0,1093.0
-248.0,-367.0,1224.0
-152.0,-479.0,1449.0
-118.0,-409.0,1296.0
-216.0,-436.0,1204.0
-104.0,-259.0,900.0
4.0,-83.0,775.0
-53.0,-367.0,1004.0
7.0,-127.0,667.0
-221.0,-199.0,774.0
-84.0,-39.0,706.0
-165.0,8.0,692.0
-359.0,-173.0,847.0
-479.0,-153.0,773.0
-512.0,-242.0,915.0
-494.0,-294.0,976.0
-469.0,-161.0,814.0
-259.0,-233.0,1043.0
-133.0,-150.0,906.0
113.0,-119.0,906.0
265.0,-148.0,1048.0
545.0,46.0,903.0
429.0,5.0,967.0
277.0,-107.0,1007.0

-,-,-
-65.0,-110.0,995.0
-8.0,-60.0,858.0
-20.0,-63.0,733.0
-38.0,-54.0,570.0
11.0,-2.0,502.0
19.0,-5.0,599.0
19.0,-16.0,690.0
-18.0,-358.0,841.0
-146.0,-358.0,1184.0
-45.0,-431.0,1500.0
-31.0,-340.0,1318.0
-10.0,-473.0,1351.0
155.0,-416.0,1212.0
163.0,-413.0,1122.0
298.0,-354.0,1065.0
377.0,-259.0,954.0
261.0,-256.0,892.0
212.0,-285.0,916.0
-19.0,-189.0,805.0
-249.0,-348.0,850.0
-554.0,-501.0,1025.0
-571.0,-387.0,946.0
-582.0,-462.0,1111.0
-363.0,-361.0,1087.0
-327.0,-447.0,1304.0
-180.0,-510.0,1415.0
-178.0,-415.0,1229.0
-215.0,-321.0,1019.0
-173.0,-376.0,1076.0
-265.0,-408.0,851.0
-107.0,-262.0,793.0
-214.0,-202.0,690.0
-8.0,-66.0,631.0
-157.0,-112.0,693.0
-224.0,-89.0,692.0
-293.0,-38.0,728.0
-507.0,-159.0,862.0
-621.0,-213.0,938.0
-553.0,-152.0,958.0
-266.0,-72.0,920.0
93.0,-115.0,995.0
362.0,-111.0,978.0
528.0,-2.0,908.0
479.0,-13.0,962.0
432.0,-16.0,929.0

-,-,-
-72.0,-226.0,1157.0
-25.0,-109.0,990.0
12.0,-129.0,978.0
88.0,-67.0,901.0
55.0,17.0,583.0
67.0,0.0,547.0
151.0,84.0,425.0
-7.0,-62.0,572.0
-33.0,-194.0,830.0
-273.0,-401.0,1153.0
-167.0,-495.0,1302.0
-94.0,-492.0,1359.0
-108.0,-521.0,1301.0
53.0,-460.0,1240.0
120.0,-476.0,1241.0
226.0,-420.0,1159.0
511.0,-397.0,1187.0
505.0,-342.0,1039.0
296.0,-288.0,805.0
244.0,-273.0,800.0
91.0,-256.0,850.0
-62.0,-342.0,884.0
-487.0,-425.0,839.0
-367.0,-509.0,1106.0
-436.0,-437.0,1017.0
-399.0,-536.0,1113.0
-416.0,-612.0,1284.0
-275.0,-504.0,1232.0
-224.0,-510.0,1296.0
-40.0,-388.0,1178.0
-65.0,-340.0,982.0
-56.0,-392.0,1045.0
27.0,-187.0,727.0
-4.0,-169.0,730.0
63.0,-74.0,644.0
83.0,-6.0,608.0
-191.0,-202.0,770.0
-176.0,-90.0,702.0
-477.0,-385.0,959.0
-419.0,-358.0,1085.0
-263.0,-84.0,855.0
-385.0,-184.0,1000.0
143.0,-68.0,959.0
148.0,-114.0,912.0
517.0,-25.0,944.0
660.0,69.0,831.0
472.0,-82.0,973.0
328.0,-104.0,948.0
233.0,-151.0,1006.0

-,-,-
69.0,-20.0,915.0
-28.0,-113.0,1000.0
74.0,15.0,797.0
-36.0,-84.0,811.0
104.0,-16.0,629.0
152.0,12.0,519.0
3.0,41.0,455.0
-4.0,-2.0,610.0
66.0,-107.0,1037.0
-41.0,-301.0,1209.0
-231.0,-441.0,1412.0
-90.0,-350.0,1337.0
-48.0,-428.0,1351.0
252.0,-359.0,1252.0
387.0,-364.0,1220.0
547.0,-305.0,1090.0
401.0,-301.0,944.0
336.0,-255.0,844.0
139.0,-216.0,750.0
-2.0,-236.0,865.0
-300.0,-469.0,1054.0
-512.0,-426.0,959.0
-455.0,-436.0,991.0
-317.0,-292.0,993.0
-220.0,-389.0,1090.0
-278.0,-437.0,1248.0
-232.0,-530.0,1324.0
-122.0,-563.0,1348.0
-26.0,-342.0,1118.0
-184.0,-459.0,1184.0
-48.0,-149.0,777.0
-55.0,-244.0,919.0
9.0,-92.0,692.0
79.0,18.0,626.0
-64.0,-104.0,755.0
-42.0,19.0,636.0
-380.0,-205.0,856.0
-414.0,-217.0,978.0
-302.0,-166.0,965.0
-462.0,-169.0,962.0
-424.0,-8.0,725.0
-256.0,-107.0,915.0
15.0,-62.0,880.0
369.0,12.0,876.0
447.0,-79.0,1030.0
543.0,11.0,938.0
500.0,-11.0,973.0

-,-,-
148.0,88.0,936.0
-14.0,-75.0,969.0
-12.0,-50.0,835.0
-15.0,-26.0,700.0
81.0,1.0,635.0
88.0,67.0,560.0
123.0,15.0,583.0
80.0,-128.0,789.0
-63.0,-203.0,929.0
-73.0,-334.0,1179.0
-15.0,-339.0,1239.0
-18.0,-360.0,1359.0
97.0,-376.0,1382.0
206.0,-396.0,1373.0
290.0,-356.0,1229.0
411.0,-326.0,1034.0
491.0,-249.0,833.0
344.0,-297.0,744.0
243.0,-302.0,836.0
91.0,-271.0,920.0
-214.0,-494.0,1124.0
-346.0,-332.0,954.0
-554.0,-377.0,1001.0
-402.0,-348.0,1034.0
-462.0,-412.0,1097.0
-259.0,-383.0,1193.0
-198.0,-365.0,1176.0
-145.0,-511.0,1421.0
31.0,-412.0,1345.0
-92.0,-291.0,1059.0
-185.0,-430.0,1105.0
-14.0,-190.0,833.0
-71.0,-252.0,786.0
-48.0,-106.0,608.0
164.0,69.0,536.0
-35.0,-100.0,678.0
-40.0,73.0,589.0
-257.0,-61.0,803.0
-500.0,-245.0,952.0
-363.0,-135.0,906.0
-459.0,-221.0,975.0
-196.0,-209.0,1053.0
-78.0,-134.0,926.0
117.0,-219.0,1054.0
283.0,-205.0,1035.0
315.0,-141.0,957.0
507.0,-69.0,1001.0
378.0,-48.0,968.0

-,-,-
-126.0,-168.0,1086.0
17.0,106.0,697.0
75.0,34.0,807.0
117.0,63.0,633.0
163.0,106.0,520.0
22.0,-34.0,591.0
139.0,-21.0,650.0
29.0,-152.0,886.0
96.0,-157.0,1081.0
1.0,-287.0,1249.0
21.0,-413.0,1483.0
67.0,-449.0,1504.0
127.0,-491.0,1476.0
260.0,-356.0,1203.0
468.0,-295.0,891.0
494.0,-273.0,777.0
380.0,-171.0,759.0
533.0,-81.0,874.0
-191.0,-603.0,1380.0
-326.0,-376.0,1101.0
-335.0,-150.0,897.0
-238.0,-172.0,967.0
-276.0,-275.0,910.0
-404.0,-409.0,1101.0
-318.0,-442.0,1287.0
-236.0,-484.0,1444.0
-86.0,-405.0,1432.0
-104.0,-229.0,1098.0
-90.0,-283.0,1017.0
-69.0,-180.0,809.0
-169.0,-96.0,664.0
41.0,-64.0,678.0
-94.0,16.0,566.0
-32.0,-62.0,750.0
-133.0,-27.0,700.0
-279.0,-123.0,855.0
-270.0,-87.0,867.0
-376.0,-36.0,823.0
-588.0,-324.0,1041.0
-430.0,-89.0,859.0
-135.0,-167.0,1113.0
229.0,-125.0,1133.0
278.0,-16.0,900.0
296.0,-145.0,1029.0
458.0,-82.0,940.0
421.0,-3.0,883.0
325.0,-44.0,971.0
274.0,-29.0,957.0
113.0,-161.0,1140.0

-,-,-
-10.0,-53.0,1005.0
-31.0,-145.0,1025.0
-38.0,-83.0,815.0
-56.0,-149.0,788.0
-26.0,-54.0,627.0
69.0,-3.0,518.0
-28.0,4.0,482.0
80.0,-58.0,708.0
53.0,-109.0,989.0
60.0,-132.0,1229.0
-102.0,-500.0,1529.0
29.0,-500.0,1513.0
86.0,-450.0,1352.0
248.0,-442.0,1232.0
365.0,-366.0,1076.0
437.0,-286.0,933.0
422.0,-264.0,834.0
345.0,-264.0,834.0
81.0,-305.0,804.0
-145.0,-434.0,1021.0
-250.0,-302.0,932.0
-598.0,-508.0,1078.0
-529.0,-404.0,929.0
-290.0,-387.0,1050.0
-342.0,-469.0,1227.0
-108.0,-484.0,1310.0
-83.0,-568.0,1429.0
-93.0,-428.0,1124.0
-104.0,-443.0,1115.0
-48.0,-315.0,923.0
-14.0,-170.0,771.0
-70.0,-255.0,798.0
-81.0,-65.0,571.0
12.0,-74.0,697.0
3.0,-35.0,645.0
-120.0,-86.0,725.0
-196.0,-115.0,797.0
-374.0,-187.0,875.0
-317.0,-262.0,1065.0
-313.0,-227.0,1073.0
-406.0,-187.0,1001.0
-403.0,-239.0,942.0
-9.0,-171.0,954.0
223.0,-122.0,964.0
361.0,-133.0,978.0
390.0,-57.0,875.0
311.0,-160.0,961.0
423.0,-116.0,936.0
254.0,-156.0,985.0
163.0,-227.0,1005.0

-,-,-
31.0,34.0,753.0
0.0,-122.0,950.0
-2.0,-83.0,667.0
-72.0,-45.0,514.0
-9.0,-59.0,555.0
70.0,-81.0,661.0
43.0,-152.0,945.0
139.0,-344.0,1050.0
63.0,-367.0,1296.0
179.0,-511.0,1525.0
423.0,-455.0,1496.0
546.0,-408.0,1332.0
429.0,-304.0,1000.0
442.0,-204.0,861.0
309.0,-170.0,691.0
150.0,-258.0,812.0
38.0,-333.0,914.0
-192.0,-461.0,1025.0
-396.0,-423.0,891.0
-477.0,-505.0,1054.0
-427.0,-458.0,1070.0
-425.0,-554.0,1237.0
-132.0,-492.0,1327.0
104.0,-451.0,1330.0
154.0,-593.0,1448.0
63.0,-480.0,1160.0
-23.0,-313.0,852.0
-64.0,-215.0,718.0
-105.0,-20.0,528.0
-83.0,-83.0,686.0
-27.0,-29.0,610.0
-114.0,-123.0,723.0
-180.0,-120.0,767.0
-224.0,-127.0,834.0
-222.0,-339.0,1153.0
-232.0,-209.0,1094.0
-477.0,-130.0,926.0
-370.0,-79.0,927.0
-161.0,26.0,808.0
-142.0,-188.0,915.0
277.0,-175.0,992.0
434.0,-93.0,905.0
416.0,-160.0,993.0
604.0,-87.0,970.0
434.0,-69.0,927.0

-,-,-
34.0,-107.0,929.0
-67.0,-165.0,877.0
62.0,-58.0,682.0
6.0,-54.0,564.0
99.0,-6.0,559.0
141.0,34.0,614.0
-3.0,-35.0,740.0
99.0,-169.0,1098.0
-36.0,-331.0,1268.0
-25.0,-438.0,1403.0
140.0,-451.0,1451.0
125.0,-470.0,1366.0
272.0,-396.0,1229.0
453.0,-327.0,1099.0
400.0,-282.0,932.0
318.0,-256.0,817.0
239.0,-278.0,795.0
205.0,-285.0,822.0
142.0,-392.0,1026.0
-66.0,-292.0,917.0
-333.0,-449.0,945.0
-366.0,-370.0,950.0
-545.0,-435.0,993.0
-441.0,-440.0,1070.0
-307.0,-506.0,1286.0
-154.0,-479.0,1357.0
-36.0,-460.0,1349.0
6.0,-422.0,1283.0
58.0,-332.0,1082.0
-13.0,-361.0,1042.0
-36.0,-194.0,792.0
-78.0,-82.0,666.0
-51.0,-56.0,690.0
-17.0,60.0,578.0
-64.0,95.0,538.0
-278.0,-129.0,698.0
-182.0,-164.0,867.0
-282.0,-212.0,1040.0
-333.0,-155.0,1048.0
-333.0,-107.0,1014.0
-474.0,-236.0,1062.0
-313.0,-175.0,975.0
-187.0,-110.0,908.0
-157.0,-285.0,1017.0
268.0,-43.0,845.0
407.0,-20.0,928.0
535.0,12.0,956.0
581.0,45.0,927.0
309.0,-118.0,1034.0

-,-,-
89.0,-60.0,970.0
17.0,13.0,809.0
84.0,30.0,676.0
-9.0,-20.0,604.0
30.0,-25.0,603.0
46.0,-57.0,714.0
-33.0,-150.0,797.0
-97.0,-170.0,1197.0
-45.0,-335.0,1170.0
41.0,-382.0,1347.0
260.0,-446.0,1523.0
373.0,-424.0,1414.0
463.0,-354.0,1190.0
457.0,-278.0,937.0
402.0,-210.0,792.0
349.0,-247.0,784.0
243.0,-264.0,781.0
21.0,-366.0,889.0
-132.0,-326.0,898.0
-479.0,-548.0,1062.0
-532.0,-453.0,1011.0
-368.0,-427.0,1120.0
-416.0,-517.0,1221.0
-272.0,-445.0,1319.0
-138.0,-476.0,1397.0
-106.0,-452.0,1284.0
-150.0,-371.0,1074.0
-35.0,-293.0,983.0
6.0,-162.0,756.0
-51.0,-94.0,660.0
-84.0,-102.0,696.0
-45.0,17.0,594.0
-242.0,-148.0,765.0
-211.0,-93.0,766.0
-353.0,-126.0,811.0
-468.0,-239.0,984.0
-544.0,-127.0,894.0
-677.0,-278.0,1006.0
-426.0,-265.0,1003.0
-347.0,-152.0,851.0
-47.0,-216.0,1069.0
495.0,71.0,941.0
644.0,145.0,919.0
623.0,120.0,878.0

-,-,-
38.0,-24.0,981.0
31.0,29.0,839.0
4.0,17.0,761.0
-44.0,8.0,602.0
47.0,39.0,515.0
109.0,101.0,468.0
31.0,25.0,690.0
-31.0,-36.0,860.0
-129.0,-296.0,1221.0
-122.0,-450.0,1435.0
67.0,-424.0,1491.0
24.0,-449.0,1478.0
184.0,-371.0,1326.0
312.0,-324.0,1159.0
418.0,-243.0,942.0
418.0,-240.0,859.0
475.0,-220.0,808.0
441.0,-231.0,793.0
81.0,-260.0,883.0
-120.0,-367.0,948.0
-469.0,-470.0,1077.0
-576.0,-348.0,973.0
-467.0,-411.0,1065.0
-572.0,-403.0,1230.0
-317.0,-434.0,1342.0
-234.0,-603.0,1577.0
-153.0,-417.0,1255.0
-184.0,-376.0,1125.0
-119.0,-241.0,882.0
-132.0,-158.0,772.0
-121.0,-159.0,783.0
-100.0,17.0,554.0
-100.0,17.0,620.0
-58.0,12.0,673.0
-244.0,-49.0,672.0
-417.0,-165.0,854.0
-498.0,-107.0,803.0
-430.0,-111.0,920.0
-574.0,-187.0,1006.0
-402.0,-83.0,981.0
-495.0,-243.0,1040.0
-243.0,-208.0,987.0
129.0,-80.0,945.0
487.0,-30.0,1061.0
770.0,136.0,937.0
531.0,38.0,938.0
402.0,-59.0,977.0

-,-,-
10.0,-1.0,1000.0
-74.0,-38.0,876.0
-13.0,-22.0,802.0
-12.0,-11.0,583.0
-12.0,95.0,400.0
36.0,-18.0,510.0
41.0,-5.0,589.0
-116.0,-191.0,909.0
-79.0,-259.0,1259.0
67.0,-495.0,1591.0
53.0,-408.0,1569.0
199.0,-442.0,1493.0
397.0,-313.0,1292.0
415.0,-269.0,1015.0
337.0,-264.0,822.0
322.0,-199.0,727.0
278.0,-235.0,816.0
36.0,-282.0,871.0
-141.0,-348.0,899.0
-701.0,-665.0,1146.0
-510.0,-518.0,1116.0
-444.0,-376.0,1140.0
-375.0,-400.0,1238.0
-260.0,-448.0,1407.0
-125.0,-472.0,1384.0
-146.0,-394.0,1183.0
-143.0,-359.0,1074.0
-56.0,-317.0,902.0
-76.0,-165.0,708.0
118.0,-4.0,594.0
-35.0,-56.0,587.0
-156.0,-104.0,617.0
-334.0,-212.0,785.0
-350.0,-117.0,777.0
-532.0,-136.0,786.0
-634.0,-249.0,915.0
-435.0,-176.0,931.0
-258.0,-301.0,1140.0
-35.0,-194.0,977.0
169.0,-62.0,783.0
522.0,9.0,951.0
537.0,50.0,907.0

-,-,-
-86.0,345.0,1265.0
-31.0,-102.0,706.0
-49.0,-21.0,607.0
29.0,-42.0,507.0
66.0,-64.0,649.0
-1.0,-87.0,677.0
-70.0,-323.0,772.0
-114.0,-327.0,1082.0
-159.0,-469.0,1271.0
16.0,-567.0,1497.0
164.0,-590.0,1499.0
340.0,-558.0,1385.0
353.0,-454.0,1161.0
439.0,-293.0,922.0
313.0,-302.0,848.0
240.0,-261.0,834.0
-118.0,-336.0,780.0
-284.0,-386.0,916.0
-521.0,-471.0,975.0
-500.0,-554.0,1104.0
-335.0,-418.0,1067.0
-276.0,-477.0,1207.0
-120.0,-509.0,1351.0
-166.0,-456.0,1262.0
-97.0,-362.0,1132.0
-109.0,-389.0,1111.0
-102.0,-180.0,802.0
-108.0,-237.0,872.0
-239.0,-122.0,613.0
-130.0,14.0,551.0
-279.0,-153.0,694.0
-278.0,-145.0,684.0
-525.0,-278.0,841.0
-377.0,-216.0,884.0
-399.0,-191.0,875.0
-493.0,-217.0,915.0
-334.0,-113.0,872.0
-303.0,-201.0,967.0
86.0,-131.0,943.0
197.0,-69.0,912.0
258.0,-50.0,939.0
463.0,4.0,935.0
300.0,-148.0,1033.0
352.0,-157.0,1050.0
66.0,-271.0,1062.0
33.0,-232.0,1031.0
14.0,-180.0,1008.0

-,-,-
7.0,-82.0,938.0
-58.0,-107.0,924.0
-45.0,-51.0,693.0
28.0,-72.0,694.0
66.0,-13.0,606.0
62.0,8.0,602.0
91.0,-61.0,723.0
-129.0,-354.0,893.0
-4.0,-320.0,1153.0
-41.0,-460.0,1382.0
-26.0,-527.0,1394.0
126.0,-587.0,1449.0
297.0,-451.0,1256.0
323.0,-396.0,1073.0
372.0,-259.0,820.0
400.0,-238.0,816.0
338.0,-265.0,834.0
-2.0,-449.0,1025.0
-169.0,-399.0,1042.0
-341.0,-300.0,941.0
-341.0,-446.0,1120.0
-410.0,-417.0,1088.0
-368.0,-466.0,1271.0
-189.0,-413.0,1284.0
-141.0,-532.0,1384.0
41.0,-425.0,1251.0
21.0,-245.0,961.0
-19.0,-337.0,1000.0
-152.0,-214.0,736.0
-16.0,-82.0,648.0
-141.0,-135.0,666.0
-125.0,-91.0,685.0
-158.0,-116.0,771.0
-474.0,-147.0,748.0
-606.0,-166.0,745.0
-546.0,-185.0,862.0
-388.0,-128.0,881.0
-246.0,-271.0,1115.0
-99.0,-121.0,874.0
-68.0,-229.0,1018.0
480.0,-59.0,992.0
579.0,76.0,898.0
562.0,1.0,950.0
359.0,-27.0,892.0
166.0,-197.0,1057.0
38.0,-206.0,1003.0

-,-,-
-29.0,-144.0,1039.0
42.0,-86.0,923.0
46.0,-73.0,856.0
20.0,-92.0,712.0
45.0,-48.0,480.0
66.0,-20.0,479.0
92.0,-8.0,527.0
-61.0,-159.0,769.0
-72.0,-247.0,1138.0
-19.0,-476.0,1377.0
161.0,-590.0,1624.0
253.0,-528.0,1458.0
377.0,-468.0,1284.0
449.0,-259.0,982.0
520.0,-274.0,990.0
312.0,-302.0,905.0
-20.0,-399.0,926.0
-148.0,-434.0,948.0
-451.0,-502.0,1008.0
-293.0,-381.0,912.0
-408.0,-500.0,1078.0
-284.0,-409.0,1126.0
-278.0,-575.0,1317.0
-136.0,-570.0,1391.0
-161.0,-494.0,1199.0
-136.0,-431.0,1084.0
-102.0,-263.0,875.0
-187.0,-240.0,730.0
-98.0,-102.0,625.0
-72.0,-51.0,619.0
-136.0,-94.0,673.0
-259.0,-129.0,705.0
-414.0,-250.0,854.0
-463.0,-299.0,950.0
-398.0,-234.0,986.0
-556.0,-290.0,1008.0
-264.0,-165.0,920.0
64.0,-29.0,855.0
300.0,-66.0,957.0
544.0,23.0,927.0
572.0,60.0,861.0
572.0,7.0,1002.0
245.0,-94.0,996.0
104.0,-201.0,1062.0
-63.0,-170.0,1096.0

-,-,-
42.0,-57.0,888.0
-49.0,-115.0,1031.0
19.0,-91.0,1026.0
8.0,-46.0,860.0
29.0,-50.0,725.0
-63.0,-103.0,563.0
15.0,-5.0,475.0
102.0,-11.0,607.0
29.0,-63.0,726.0
-118.0,-186.0,991.0
-108.0,-408.0,1292.0
-48.0,-460.0,1523.0
100.0,-519.0,1526.0
150.0,-548.0,1440.0
366.0,-355.0,1110.0
395.0,-280.0,905.0
573.0,-205.0,779.0
298.0,-272.0,847.0
92.0,-287.0,907.0
-81.0,-329.0,1014.0
-307.0,-443.0,1029.0
-381.0,-418.0,1045.0
-512.0,-477.0,1039.0
-445.0,-460.0,1113.0
-424.0,-580.0,1332.0
-148.0,-544.0,1355.0
-171.0,-527.0,1292.0
-66.0,-437.0,1139.0
-68.0,-222.0,844.0
-191.0,-201.0,722.0
66.0,-191.0,853.0
-236.0,-115.0,572.0
-168.0,-97.0,580.0
-288.0,-184.0,642.0
-290.0,-226.0,745.0
-301.0,-234.0,841.0
-363.0,-285.0,1003.0
-495.0,-229.0,950.0
-419.0,-111.0,835.0
-258.0,-170.0,966.0
-20.0,-225.0,1037.0
104.0,-160.0,942.0
273.0,-130.0,926.0
517.0,18.0,922.0
515.0,-30.0,950.0
277.0,-201.0,1017.0
168.0,-258.0,1064.0
91.0,-237.0,1098.0

-,-,-
66.0,14.0,755.0
-27.0,-180.0,1083.0
47.0,-86.0,864.0
1.0,-97.0,789.0
-22.0,-77.0,680.0
0.0,19.0,549.0
100.0,48.0,569.0
53.0,-71.0,726.0
-54.0,-150.0,854.0
-59.0,-203.0,1214.0
30.0,-300.0,1296.0
52.0,-432.0,1411.0
151.0,-414.0,1385.0
218.0,-361.0,1238.0
270.0,-347.0,1125.0
431.0,-282.0,965.0
413.0,-313.0,968.0
387.0,-259.0,911.0
164.0,-329.0,900.0
95.0,-311.0,915.0
-218.0,-328.0,886.0
-505.0,-481.0,928.0
-413.0,-391.0,945.0
-547.0,-441.0,1037.0
-335.0,-471.0,1155.0
-457.0,-518.0,1220.0
-243.0,-451.0,1316.0
-125.0,-515.0,1374.0
-107.0,-366.0,1129.0
-74.0,-302.0,1010.0
-100.0,-279.0,866.0
-104.0,-101.0,663.0
-255.0,-222.0,763.0
-118.0,0.0,551.0
-235.0,-138.0,716.0
-298.0,-202.0,797.0
-352.0,-112.0,689.0
-596.0,-305.0,861.0
-475.0,-158.0,825.0
-625.0,-130.0,742.0
-573.0,-205.0,888.0
-119.0,-63.0,948.0
124.0,-26.0,932.0
443.0,10.0,1010.0
413.0,14.0,950.0
423.0,-52.0,1019.0
338.0,-71.0,982.0
223.0,-136.0,1123.0

-,-,-
-144.0,-150.0,1023.0
-2.0,-191.0,1064.0
-17.0,-88.0,839.0
-58.0,-155.0,826.0
-41.0,-4.0,550.0
-48.0,-31.0,559.0
79.0,67.0,475.0
66.0,-52.0,745.0
-61.0,-137.0,998.0
-140.0,-247.0,1148.0
-60.0,-359.0,1497.0
-12.0,-382.0,1498.0
28.0,-407.0,1450.0
205.0,-311.0,1245.0
410.0,-203.0,1128.0
424.0,-216.0,1013.0
443.0,-178.0,901.0
208.0,-269.0,903.0
-97.0,-284.0,860.0
-43.0,-251.0,963.0
-328.0,-373.0,943.0
-257.0,-306.0,1003.0
-437.0,-363.0,1009.0
-439.0,-325.0,1080.0
-409.0,-350.0,1181.0
-341.0,-410.0,1380.0
-147.0,-263.0,1312.0
-144.0,-222.0,1221.0
-133.0,-134.0,999.0
-193.0,-171.0,962.0
-162.0,-84.0,820.0
0.0,68.0,713.0
-83.0,2.0,716.0
-93.0,113.0,595.0
-341.0,-19.0,669.0
-323.0,39.0,686.0
-514.0,-107.0,862.0
-441.0,-117.0,947.0
-406.0,35.0,899.0
-330.0,-247.0,1138.0
169.0,-113.0,1065.0
162.0,-99.0,956.0
167.0,-210.0,1076.0
343.0,-53.0,957.0
177.0,-125.0,1050.0
409.0,-20.0,983.0
229.0,-60.0,952.0
234.0,-103.0,1011.0
24.0,-127.0,945.0

-,-,-
70.0,74.0,894.0
21.0,-98.0,998.0
12.0,37.0,789.0
26.0,-67.0,809.0
135.0,24.0,672.0
98.0,125.0,523.0
-52.0,50.0,560.0
-2.0,-5.0,839.0
53.0,-182.0,1224.0
-62.0,-316.0,1411.0
46.0,-249.0,1418.0
154.0,-247.0,1427.0
212.0,-296.0,1357.0
319.0,-229.0,1162.0
312.0,-167.0,983.0
270.0,-112.0,890.0
271.0,-168.0,956.0
-44.0,-220.0,870.0
-245.0,-350.0,998.0
-306.0,-267.0,1064.0
-242.0,-302.0,1059.0
-282.0,-262.0,1106.0
-320.0,-205.0,932.0
-453.0,-364.0,1169.0
-403.0,-414.0,1298.0
-258.0,-391.0,1337.0
-225.0,-264.0,1176.0
-241.0,-263.0,1138.0
-13.0,-73.0,945.0
13.0,-73.0,919.0
60.0,-19.0,771.0
0.0,-69.0,800.0
3.0,3.0,717.0
-101.0,28.0,700.0
-375.0,-141.0,797.0
-358.0,67.0,685.0
-530.0,-183.0,919.0
-491.0,-262.0,1096.0
-466.0,-38.0,888.0
-291.0,-83.0,979.0
-278.0,-203.0,1036.0
-164.0,-49.0,804.0
-19.0,-205.0,1104.0
394.0,-11.0,953.0
266.0,7.0,813.0
401.0,-79.0,1047.0
451.0,-46.0,1044.0

-,-,-
-63.0,-75.0,1062.0
-7.0,21.0,853.0
-28.0,-36.0,878.0
19.0,-33.0,856.0
-38.0,0.0,687.0
-27.0,-9.0,694.0
-26.0,87.0,665.0
97.0,-26.0,835.0
289.0,0.0,752.0
144.0,-89.0,1031.0
-70.0,-271.0,1193.0
-31.0,-308.0,1326.0
26.0,-355.0,1385.0
76.0,-356.0,1329.0
182.0,-315.0,1221.0
241.0,-282.0,1095.0
396.0,-182.0,948.0
295.0,-175.0,862.0
404.0,-107.0,784.0
150.0,-347.0,989.0
229.0,-277.0,1025.0
25.0,-321.0,1081.0
-59.0,-294.0,1007.0
-211.0,-195.0,876.0
-261.0,-142.0,819.0
-429.0,-327.0,895.0
-458.0,-382.0,1087.0
-369.0,-406.0,1162.0
-215.0,-402.0,1240.0
52.0,-406.0,1415.0
68.0,-411.0,1385.0
-33.0,-314.0,1117.0
30.0,-412.0,1237.0
-67.0,-328.0,981.0
-95.0,-138.0,731.0
-107.0,-178.0,841.0
29.0,19.0,645.0
-101.0,-63.0,696.0
-220.0,-94.0,717.0
-225.0,38.0,630.0
-475.0,-194.0,895.0
-378.0,-180.0,956.0
-320.0,-69.0,909.0
-240.0,-143.0,1062.0
-217.0,-82.0,950.0
-423.0,-198.0,918.0
22.0,-100.0,959.0
357.0,85.0,850.0
583.0,73.0,927.0

-,-,-
26.0,-9.0,880.0
-39.0,-120.0,836.0
-67.0,16.0,541.0
38.0,0.0,550.0
149.0,61.0,635.0
152.0,93.0,604.0
-102.0,-242.0,813.0
-51.0,-215.0,1104.0
-135.0,-415.0,1448.0
-89.0,-478.0,1449.0
24.0,-432.0,1384.0
266.0,-354.0,1255.0
356.0,-355.0,1141.0
409.0,-309.0,974.0
326.0,-316.0,878.0
280.0,-308.0,875.0
187.0,-290.0,858.0
75.0,-312.0,942.0
-77.0,-391.0,1007.0
-296.0,-290.0,929.0
-453.0,-390.0,989.0
-502.0,-344.0,977.0
-345.0,-302.0,1025.0
-286.0,-403.0,1236.0
-130.0,-395.0,1368.0
71.0,-321.0,1361.0
-108.0,-376.0,1243.0
-77.0,-219.0,999.0
-20.0,-130.0,918.0
-21.0,-130.0,756.0
-187.0,-114.0,704.0
-57.0,-128.0,781.0
-174.0,-111.0,775.0
-213.0,-93.0,803.0
-355.0,-78.0,764.0
-430.0,-93.0,820.0
-574.0,-136.0,854.0
-497.0,-160.0,982.0
-417.0,-100.0,979.0
-173.0,-105.0,1012.0
-135.0,-87.0,909.0
76.0,-134.0,916.0
392.0,-96.0,1023.0
734.0,221.0,839.0
743.0,138.0,1006.0

-,-,-
-79.0,-17.0,831.0
-97.0,12.0,649.0
-83.0,-37.0,639.0
46.0,62.0,534.0
46.0,5.0,625.0
72.0,-92.0,764.0
-42.0,-182.0,923.0
-55.0,-211.0,1066.0
-169.0,-245.0,1195.0
17.0,-268.0,1367.0
152.0,-410.0,1552.0
151.0,-403.0,1422.0
244.0,-350.0,1221.0
311.0,-302.0,1039.0
371.0,-216.0,835.0
520.0,-195.0,838.0
537.0,-172.0,900.0
165.0,-217.0,942.0
-50.0,-416.0,1076.0
-649.0,-600.0,872.0
-609.0,-494.0,970.0
-501.0,-429.0,993.0
-397.0,-395.0,1059.0
-385.0,-451.0,1201.0
-273.0,-404.0,1197.0
-231.0,-341.0,1169.0
-60.0,-401.0,1304.0
-121.0,-261.0,1026.0
-49.0,-171.0,923.0
-152.0,-268.0,894.0
-132.0,-82.0,683.0
-197.0,-170.0,773.0
-152.0,-14.0,610.0
-265.0,0.0,556.0
-497.0,-203.0,773.0
-405.0,-178.0,856.0
-538.0,-344.0,1031.0
-533.0,-302.0,1083.0
-512.0,-132.0,906.0
98.0,133.0,788.0
491.0,178.0,823.0
770.0,90.0,993.0
569.0,-99.0,1009.0
126.0,-396.0,1205.0

-,-,-
82.0,41.0,829.0
-58.0,-278.0,1137.0
-1.0,-115.0,834.0
51.0,-37.0,646.0
99.0,-87.0,558.0
-27.0,-57.0,408.0
17.0,-173.0,619.0
75.0,-109.0,731.0
156.0,-125.0,1037.0
-180.0,-399.0,1381.0
-99.0,-500.0,1485.0
39.0,-518.0,1438.0
309.0,-375.0,1298.0
375.0,-363.0,1218.0
486.0,-273.0,1035.0
251.0,-340.0,940.0
189.0,-312.0,883.0
141.0,-356.0,963.0
-210.0,-285.0,838.0
-34.0,-297.0,936.0
-495.0,-438.0,986.0
-494.0,-409.0,973.0
-490.0,-501.0,1180.0
-510.0,-471.0,1168.0
-196.0,-483.0,1337.0
-36.0,-257.0,1125.0
-105.0,-328.0,1064.0
-85.0,-281.0,920.0
-204.0,-241.0,756.0
-271.0,-272.0,789.0
-192.0,-112.0,681.0
-297.0,-148.0,697.0
-370.0,-126.0,684.0
-280.0,-171.0,843.0
-442.0,-234.0,892.0
-563.0,-223.0,884.0
-441.0,-135.0,907.0
-333.0,-167.0,970.0
-267.0,-145.0,930.0
-111.0,-141.0,894.0
235.0,-102.0,964.0
681.0,76.0,934.0
474.0,-54.0,1029.0
431.0,-80.0,1045.0
205.0,-188.0,1124.0

-,-,-
-65.0,41.0,872.0
-57.0,20.0,895.0
-53.0,-44.0,901.0
-41.0,-39.0,764.0
-50.0,15.0,550.0
-21.0,-11.0,565.0
29.0,7.0,611.0
-6.0,-140.0,863.0
-95.0,-204.0,1115.0
-98.0,-282.0,1397.0
-67.0,-373.0,1322.0
46.0,-405.0,1281.0
208.0,-339.0,1151.0
386.0,-259.0,1065.0
443.0,-296.0,1073.0
356.0,-332.0,954.0
171.0,-336.0,883.0
185.0,-318.0,981.0
201.0,-257.0,972.0
-112.0,-327.0,953.0
-447.0,-407.0,925.0
-437.0,-381.0,979.0
-480.0,-322.0,965.0
-402.0,-345.0,1058.0
-243.0,-333.0,1203.0
-211.0,-427.0,1350.0
-170.0,-540.0,1501.0
-186.0,-350.0,1165.0
-364.0,-477.0,1146.0
-141.0,-216.0,822.0
36.0,-80.0,723.0
-260.0,-271.0,788.0
-55.0,-40.0,625.0
-202.0,-112.0,702.0
-174.0,-61.0,710.0
-418.0,-97.0,728.0
-704.0,-245.0,798.0
-494.0,-258.0,1012.0
-772.0,-186.0,727.0
-398.0,-228.0,1026.0
-44.0,-90.0,947.0
306.0,38.0,925.0
548.0,32.0,1007.0
757.0,117.0,937.0
540.0,-42.0,1074.0
304.0,-84.0,1025.0
28.0,-150.0,1064.0

-,-,-
-2.0,82.0,783.0
-29.0,-158.0,1031.0
8.0,-82.0,737.0
-198.0,-126.0,619.0
26.0,-35.0,617.0
18.0,72.0,458.0
140.0,53.0,664.0
63.0,82.0,1044.0
87.0,-214.0,1327.0
71.0,-439.0,1621.0
170.0,-417.0,1533.0
178.0,-462.0,1362.0
339.0,-319.0,1162.0
490.0,-280.0,1115.0
449.0,-274.0,973.0
253.0,-295.0,896.0
355.0,-283.0,863.0
113.0,-322.0,928.0
74.0,-274.0,887.0
-452.0,-579.0,1019.0
-477.0,-472.0,966.0
-488.0,-410.0,959.0
-351.0,-382.0,1050.0
-278.0,-374.0,1128.0
-242.0,-468.0,1305.0
-40.0,-409.0,1334.0
-66.0,-387.0,1227.0
-38.0,-305.0,1089.0
-121.0,-265.0,891.0
-50.0,-129.0,793.0
-31.0,-11.0,613.0
-206.0,-147.0,706.0
-122.0,-110.0,744.0
-349.0,-153.0,726.0
-440.0,-165.0,793.0
-456.0,-167.0,848.0
-427.0,-200.0,987.0
-537.0,-174.0,950.0
-413.0,-145.0,880.0
-136.0,-107.0,954.0
-62.0,-137.0,877.0
413.0,-92.0,1073.0
642.0,83.0,879.0
524.0,-92.0,1017.0
437.0,-104.0,996.0
161.0,-156.0,1041.0
59.0,-132.0,1031.0
-71.0,-132.0,1061.0

-,-,-
-86.0,-106.0,1021.0
-5.0,-62.0,879.0
19.0,-84.0,834.0
31.0,-112.0,745.0
-63.0,-69.0,541.0
61.0,-22.0,562.0
23.0,-46.0,625.0
3.0,-115.0,848.0
-16.0,-206.0,1132.0
-109.0,-325.0,1389.0
-99.0,-393.0,1385.0
-34.0,-473.0,1390.0
208.0,-305.0,1232.0
275.0,-395.0,1271.0
307.0,-370.0,1090.0
294.0,-313.0,936.0
249.0,-272.0,870.0
191.0,-248.0,845.0
145.0,-271.0,843.0
-104.0,-331.0,978.0
-302.0,-292.0,952.0
-457.0,-372.0,950.0
-529.0,-413.0,1060.0
-427.0,-323.0,994.0
-341.0,-364.0,1135.0
-126.0,-400.0,1268.0
-90.0,-450.0,1320.0
-74.0,-375.0,1245.0
-91.0,-305.0,1104.0
-154.0,-297.0,1018.0
-106.0,-115.0,785.0
-213.0,-216.0,811.0
-136.0,-83.0,656.0
-143.0,-103.0,706.0
-99.0,-116.0,759.0
-136.0,-77.0,760.0
-297.0,-186.0,836.0
-333.0,-167.0,925.0
-329.0,-115.0,937.0
-520.0,-224.0,1025.0
-442.0,-111.0,925.0
-592.0,-213.0,970.0
-169.0,-123.0,970.0
-95.0,-70.0,827.0
68.0,-99.0,880.0
288.0,-11.0,795.0
352.0,-231.0,1080.0
546.0,-150.0,1128.0
386.0,-104.0,1045.0
187.0,-144.0,996.0
73.0,-158.0,962.0

-,-,-
-155.0,-71.0,789.0
85.0,14.0,689.0
-39.0,-5.0,563.0
-42.0,-81.0,613.0
125.0,-63.0,745.0
19.0,-165.0,911.0
-32.0,-273.0,1159.0
76.0,-246.0,1234.0
93.0,-369.0,1402.0
94.0,-399.0,1365.0
147.0,-430.0,1316.0
243.0,-383.0,1202.0
335.0,-348.0,1071.0
409.0,-312.0,936.0
499.0,-217.0,806.0
501.0,-205.0,844.0
397.0,-237.0,864.0
61.0,-391.0,1022.0
-298.0,-401.0,1020.0
-407.0,-394.0,1039.0
-426.0,-322.0,1056.0
-390.0,-227.0,1003.0
-332.0,-301.0,1115.0
-394.0,-335.0,1269.0
-305.0,-354.0,1357.0
-159.0,-256.0,1320.0
-100.0,-253.0,1243.0
-67.0,-181.0,1013.0
-29.0,-84.0,853.0
-93.0,-162.0,863.0
-23.0,-7.0,702.0
-38.0,-5.0,667.0
-76.0,-38.0,728.0
-172.0,29.0,672.0
-318.0,-38.0,780.0
-433.0,-37.0,813.0
-418.0,34.0,886.0
-413.0,-74.0,1074.0
-502.0,-33.0,875.0
-307.0,-48.0,839.0
119.0,-79.0,1001.0
393.0,10.0,956.0
355.0,-18.0,977.0
477.0,29.0,1014.0
347.0,-2.0,1035.0
192.0,-36.0,1041.0
22.0,-128.0,1101.0

-,-,-
-103.0,-74.0,973.0
11.0,-36.0,906.0
-38.0,-47.0,819.0
-112.0,-83.0,697.0
105.0,53.0,554.0
89.0,31.0,522.0
79.0,29.0,625.0
-5.0,-119.0,947.0
-74.0,-171.0,1265.0
-28.0,-339.0,1427.0
28.0,-419.0,1524.0
163.0,-400.0,1454.0
322.0,-326.0,1305.0
417.0,-305.0,1149.0
422.0,-207.0,966.0
397.0,-205.0,883.0
210.0,-257.0,874.0
162.0,-176.0,800.0
-130.0,-303.0,995.0
-284.0,-269.0,849.0
-663.0,-493.0,1042.0
-553.0,-355.0,970.0
-477.0,-354.0,1026.0
-424.0,-348.0,1128.0
-263.0,-372.0,1226.0
-83.0,-365.0,1304.0
10.0,-291.0,1216.0
-78.0,-271.0,1082.0
-15.0,-148.0,948.0
-190.0,-165.0,824.0
-142.0,-37.0,686.0
-194.0,7.0,639.0
-416.0,-104.0,681.0
-469.0,-57.0,746.0
-536.0,-130.0,899.0
-515.0,-154.0,930.0
-412.0,-41.0,880.0
-118.0,-20.0,951.0
47.0,7.0,900.0
205.0,-97.0,1017.0
560.0,10.0,1034.0
504.0,33.0,961.0
307.0,-36.0,1014.0
192.0,-39.0,987.0

-,-,-
-94.0,-41.0,965.0
-103.0,-51.0,945.0
1.0,-19.0,835.0
-37.0,-30.0,626.0
-9.0,33.0,476.0
96.0,26.0,613.0
84.0,8.0,678.0
-30.0,-103.0,903.0
-129.0,-223.0,1139.0
-28.0,-255.0,1288.0
15.0,-277.0,1371.0
107.0,-382.0,1452.0
258.0,-312.0,1350.0
351.0,-304.0,1265.0
319.0,-227.0,1065.0
329.0,-229.0,981.0
230.0,-237.0,942.0
-36.0,-142.0,765.0
-257.0,-478.0,1130.0
-324.0,-394.0,1093.0
-495.0,-360.0,1031.0
-576.0,-291.0,1014.0
-471.0,-290.0,1154.0
-441.0,-373.0,1251.0
-147.0,-302.0,1306.0
-111.0,-262.0,1173.0
-142.0,-245.0,1029.0
15.0,-94.0,830.0
-26.0,-56.0,756.0
-22.0,1.0,643.0
-191.0,-57.0,611.0
-238.0,-53.0,709.0
-469.0,-53.0,741.0
-609.0,-143.0,916.0
-530.0,-85.0,961.0
-546.0,8.0,792.0
-433.0,-270.0,1090.0
-135.0,-70.0,864.0
109.0,-92.0,922.0
388.0,-59.0,975.0
559.0,-12.0,958.0
523.0,-47.0,1060.0
346.0,-29.0,984.0

-,-,-
-121.0,-121.0,989.0
-34.0,-33.0,892.0
-18.0,-22.0,803.0
-62.0,-51.0,669.0
-3.0,-55.0,520.0
38.0,9.0,455.0
32.0,-14.0,513.0
-62.0,-104.0,780.0
-31.0,-156.0,1081.0
-43.0,-235.0,1327.0
25.0,-427.0,1528.0
122.0,-520.0,1590.0
198.0,-453.0,1395.0
384.0,-371.0,1209.0
500.0,-305.0,989.0
516.0,-253.0,942.0
360.0,-242.0,802.0
162.0,-117.0,708.0
-325.0,-357.0,886.0
-468.0,-532.0,1037.0
-706.0,-358.0,987.0
-583.0,-383.0,1053.0
-526.0,-349.0,1112.0
-432.0,-343.0,1182.0
-173.0,-379.0,1307.0
-85.0,-280.0,1160.0
-317.0,-400.0,1092.0
-192.0,-229.0,822.0
-167.0,-333.0,920.0
-48.0,-176.0,841.0
-49.0,-57.0,714.0
-322.0,-139.0,751.0
-456.0,-35.0,630.0
-677.0,-155.0,769.0
-523.0,-125.0,939.0
-421.0,-35.0,905.0
-642.0,-144.0,844.0
-200.0,-13.0,719.0
104.0,-90.0,785.0
401.0,-225.0,1050.0
634.0,-15.0,875.0
629.0,-16.0,952.0
575.0,4.0,950.0
274.0,-76.0,1009.0
209.0,-155.0,1167.0

-,-,-
-62.0,-23.0,901.0
0.0,-54.0,940.0
10.0,-76.0,875.0
-21.0,-136.0,822.0
45.0,-102.0,544.0
42.0,40.0,333.0
150.0,30.0,433.0
197.0,-13.0,650.0
-176.0,-177.0,1159.0
-108.0,-360.0,1457.0
-18.0,-528.0,1604.0
56.0,-552.0,1586.0
324.0,-451.0,1374.0
576.0,-374.0,1184.0
726.0,-284.0,945.0
377.0,-438.0,932.0
535.0,-158.0,708.0
84.0,-172.0,755.0
-77.0,-296.0,1054.0
-528.0,-302.0,954.0
-787.0,-479.0,1162.0
-763.0,-262.0,973.0
-482.0,-259.0,1121.0
-246.0,-278.0,1266.0
-107.0,-302.0,1306.0
-6.0,-416.0,1391.0
-27.0,-302.0,1154.0
-107.0,-213.0,948.0
-31.0,-86.0,783.0
175.0,183.0,472.0
-253.0,-191.0,691.0
-101.0,-22.0,566.0
-235.0,-79.0,704.0
-395.0,-123.0,819.0
-541.0,-82.0,777.0
-1031.0,-250.0,845.0
-939.0,-222.0,796.0
-497.0,-48.0,763.0
-142.0,-283.0,923.0
498.0,-143.0,890.0
782.0,-180.0,1018.0
972.0,-126.0,1045.0
513.0,-207.0,1036.0
302.0,-172.0,1020.0
46.0,-197.0,1057.0

-,-,-
