
-,-,-
-90.0,271.0,688.0
10.0,59.0,1232.0
16.0,298.0,875.0
-36.0,23.0,1256.0
-61.0,0.0,1241.0
-133.0,-62.0,1265.0
-337.0,0.0,1065.0
-755.0,129.0,697.0
-1130.0,-163.0,788.0
-669.0,-162.0,688.0
38.0,-152.0,964.0
630.0,136.0,832.0
623.0,227.0,857.0
452.0,101.0,737.0
194.0,60.0,625.0
63.0,26.0,508.0
93.0,97.0,271.0
126.0,64.0,387.0
229.0,-92.0,590.0
185.0,-97.0,929.0
202.0,-441.0,1426.0
525.0,-492.0,1696.0
627.0,-433.0,1762.0
402.0,-460.0,1544.0
-238.0,-392.0,1005.0
-1052.0,-209.0,609.0
-1525.0,-259.0,849.0
-1009.0,-179.0,1290.0
-456.0,-212.0,1790.0
-349.0,-215.0,1669.0
-484.0,-352.0,1520.0
-461.0,-187.0,952.0
-351.0,-59.0,501.0
-161.0,-32.0,296.0
-156.0,-89.0,280.0
195.0,-13.0,492.0
292.0,112.0,579.0

-,-,-
-101.0,196.0,1083.0
-312.0,319.0,910.0
-700.0,139.0,1138.0
-953.0,43.0,921.0
-615.0,-152.0,1008.0
137.0,-88.0,1029.0
882.0,56.0,1053.0
1284.0,283.0,947.0
591.0,209.0,515.0
-235.0,-120.0,292.0
-299.0,38.0,43.0
87.0,84.0,59.0
605.0,67.0,438.0
421.0,-5.0,693.0
-107.0,-524.0,1216.0
246.0,-831.0,1996.0
177.0,-987.0,1999.0
277.0,-581.0,1716.0
-65.0,-234.0,941.0
-684.0,-188.0,566.0
-1384.0,-62.0,247.0
-1330.0,79.0,741.0
-871.0,-127.0,1844.0
-443.0,-148.0,1999.0
-588.0,-261.0,1765.0
-707.0,-444.0,1368.0
-404.0,-307.0,675.0
-156.0,-223.0,390.0
39.0,-71.0,227.0
218.0,78.0,150.0
-71.0,13.0,463.0
-167.0,248.0,428.0
-718.0,45.0,700.0
-749.0,-40.0,683.0
230.0,9.0,1071.0
1140.0,132.0,1351.0
868.0,278.0,1078.0
150.0,94.0,974.0

-,-,-
-188.0,227.0,993.0
-514.0,145.0,922.0
-719.0,-56.0,1078.0
-778.0,-14.0,553.0
-31.0,-104.0,886.0
552.0,23.0,707.0
836.0,45.0,713.0
598.0,58.0,299.0
171.0,9.0,-182.0
-107.0,-71.0,-40.0
254.0,-260.0,560.0
261.0,-667.0,1198.0
422.0,-1174.0,1999.0
467.0,-1244.0,1999.0
455.0,-859.0,1702.0
-369.0,-845.0,1206.0
-1608.0,-604.0,559.0
-1850.0,-281.0,634.0
-1264.0,-470.0,1503.0
-626.0,-428.0,1656.0
-521.0,-502.0,1435.0
-458.0,-436.0,998.0
-143.0,-210.0,498.0
-157.0,-208.0,252.0
151.0,-10.0,19.0
210.0,145.0,108.0
86.0,-51.0,713.0

-,-,-
-112.0,136.0,802.0
-376.0,185.0,979.0
-949.0,103.0,849.0
-1285.0,-119.0,854.0
-921.0,-323.0,956.0
199.0,-253.0,1136.0
950.0,52.0,966.0
979.0,227.0,709.0
629.0,178.0,368.0
237.0,44.0,100.0
-1.0,16.0,176.0
-39.0,-110.0,405.0
-181.0,-215.0,859.0
75.0,-618.0,1619.0
1150.0,-689.0,1999.0
1381.0,-383.0,1629.0
492.0,-577.0,1041.0
-692.0,-563.0,547.0
-1649.0,-450.0,480.0
-2000.0,-639.0,875.0
-1618.0,-300.0,1060.0
-759.0,-295.0,1788.0
-172.0,-95.0,1946.0
-85.0,-125.0,1406.0
-232.0,-374.0,852.0
-104.0,-264.0,273.0
-126.0,-164.0,152.0
-249.0,73.0,58.0
-958.0,-74.0,102.0
-698.0,-333.0,614.0
629.0,-134.0,1093.0
904.0,114.0,1214.0
651.0,201.0,1174.0

-,-,-
-121.0,164.0,939.0
-366.0,187.0,970.0
-810.0,3.0,1098.0
-1085.0,-56.0,792.0
-1003.0,-259.0,909.0
-301.0,-176.0,730.0
617.0,-44.0,941.0
1478.0,236.0,1091.0
1006.0,241.0,713.0
-195.0,-101.0,387.0
-884.0,41.0,-272.0
-219.0,-183.0,88.0
624.0,-45.0,622.0
643.0,-50.0,799.0
390.0,-336.0,1201.0
490.0,-817.0,1900.0
1088.0,-915.0,1999.0
878.0,-701.0,1560.0
264.0,-665.0,996.0
-535.0,-591.0,736.0
-1416.0,-430.0,425.0
-2000.0,-728.0,907.0
-1829.0,-354.0,856.0
-826.0,-193.0,1428.0
-106.0,-178.0,1698.0
-368.0,-146.0,1354.0
-310.0,-348.0,1051.0
-223.0,-224.0,387.0
1.0,-192.0,125.0
139.0,-134.0,208.0
-80.0,-2.0,289.0
-297.0,-11.0,623.0
-71.0,-30.0,848.0
275.0,-29.0,1107.0
568.0,128.0,1167.0

-,-,-
-524.0,133.0,956.0
-928.0,57.0,817.0
-1312.0,-125.0,584.0
-674.0,-262.0,848.0
799.0,-47.0,1144.0
1381.0,221.0,1142.0
837.0,159.0,825.0
286.0,-45.0,395.0
30.0,-104.0,116.0
168.0,27.0,216.0
-169.0,-15.0,238.0
-137.0,-165.0,1073.0
201.0,-529.0,1741.0
574.0,-451.0,1999.0
792.0,-465.0,1908.0
660.0,-262.0,1459.0
-56.0,-306.0,840.0
-916.0,-130.0,385.0
-1976.0,-392.0,425.0
-1940.0,-355.0,904.0
-1040.0,-110.0,1414.0
-470.0,42.0,1659.0
-108.0,14.0,1477.0
-267.0,-340.0,1121.0
43.0,-349.0,724.0
-89.0,-239.0,329.0
-380.0,-39.0,62.0
-715.0,91.0,11.0
-995.0,-56.0,301.0
-585.0,-152.0,510.0
803.0,-88.0,1339.0
1523.0,186.0,1525.0

-,-,-
-88.0,156.0,981.0
-308.0,75.0,1096.0
-683.0,74.0,923.0
-1087.0,-128.0,645.0
-306.0,-141.0,805.0
670.0,32.0,1125.0
735.0,191.0,1040.0
441.0,142.0,715.0
105.0,29.0,416.0
-60.0,-83.0,192.0
29.0,-64.0,186.0
-34.0,143.0,225.0
118.0,-110.0,856.0
191.0,-291.0,1394.0
314.0,-516.0,1863.0
397.0,-704.0,1937.0
857.0,-805.0,1999.0
895.0,-443.0,1365.0
375.0,-249.0,868.0
-715.0,-332.0,480.0
-1739.0,-248.0,214.0
-1932.0,-401.0,754.0
-950.0,-102.0,1354.0
-280.0,-7.0,1813.0
13.0,167.0,1600.0
-449.0,-321.0,1281.0
-263.0,-395.0,681.0
27.0,-122.0,203.0
100.0,-140.0,367.0
-181.0,163.0,340.0
-785.0,50.0,556.0
-938.0,-197.0,718.0
-234.0,-296.0,942.0
915.0,-2.0,1210.0
884.0,227.0,1107.0
761.0,110.0,1059.0

-,-,-
-761.0,-85.0,1057.0
-783.0,-114.0,1089.0
-347.0,-46.0,946.0
226.0,-63.0,1150.0
498.0,31.0,963.0
438.0,20.0,971.0
326.0,41.0,784.0
146.0,-46.0,640.0
6.0,-117.0,433.0
-61.0,-125.0,219.0
114.0,46.0,416.0
172.0,202.0,718.0
136.0,-15.0,1202.0
63.0,-311.0,1562.0
102.0,-420.0,1768.0
359.0,-542.0,1811.0
898.0,-333.0,1611.0
766.0,-93.0,926.0
57.0,-151.0,693.0
-708.0,-52.0,480.0
-1252.0,-309.0,673.0
-1584.0,-249.0,891.0
-1117.0,13.0,1347.0
-801.0,121.0,1714.0
-429.0,-179.0,1532.0
-587.0,-435.0,936.0
-202.0,-227.0,462.0
-23.0,-74.0,387.0
-140.0,50.0,232.0
-293.0,151.0,451.0
-918.0,-159.0,443.0
-320.0,-275.0,709.0
917.0,-98.0,1195.0
1322.0,283.0,1220.0
862.0,177.0,1112.0

-,-,-
-314.0,108.0,859.0
-632.0,80.0,923.0
-910.0,-36.0,645.0
-615.0,-79.0,638.0
666.0,-40.0,1068.0
1348.0,90.0,1249.0
832.0,87.0,817.0
93.0,29.0,228.0
-326.0,-72.0,83.0
-287.0,-83.0,20.0
-125.0,83.0,336.0
168.0,45.0,1092.0
525.0,-371.0,1999.0
680.0,-687.0,1999.0
665.0,-364.0,1825.0
314.0,-496.0,1487.0
104.0,-404.0,1016.0
-203.0,-138.0,634.0
-1074.0,-236.0,365.0
-1677.0,-424.0,544.0
-1623.0,-333.0,662.0
-1052.0,-198.0,1147.0
-504.0,-119.0,1530.0
-360.0,-84.0,1450.0
-289.0,-268.0,1289.0
-310.0,-195.0,859.0
-449.0,-460.0,708.0
-482.0,-349.0,206.0
-392.0,-163.0,74.0
91.0,-6.0,360.0
671.0,216.0,793.0
1013.0,343.0,1072.0
414.0,175.0,1064.0

-,-,-
101.0,232.0,923.0
-81.0,71.0,1034.0
-795.0,-27.0,726.0
-1169.0,-238.0,633.0
-416.0,-248.0,856.0
689.0,-38.0,1208.0
901.0,197.0,1020.0
831.0,125.0,724.0
267.0,-24.0,302.0
-275.0,-81.0,22.0
-311.0,-115.0,-48.0
163.0,24.0,507.0
541.0,-46.0,1147.0
948.0,-653.0,1999.0
835.0,-773.0,1999.0
351.0,-737.0,1509.0
-426.0,-299.0,787.0
-1284.0,-361.0,892.0
-1607.0,-518.0,1384.0
-1054.0,-628.0,1999.0
-850.0,-138.0,1864.0
-1061.0,-338.0,1484.0
-1135.0,-573.0,898.0
-1215.0,-382.0,355.0
-1121.0,-417.0,-45.0
-134.0,-446.0,-168.0
939.0,-369.0,168.0
929.0,61.0,403.0
938.0,221.0,752.0

-,-,-
132.0,318.0,822.0
-144.0,172.0,1178.0
-405.0,230.0,753.0
-663.0,26.0,1145.0
-626.0,98.0,811.0
-768.0,15.0,665.0
-82.0,-12.0,768.0
810.0,93.0,1083.0
1367.0,208.0,1216.0
856.0,132.0,763.0
-181.0,-194.0,308.0
-562.0,-183.0,-150.0
-124.0,-121.0,181.0
507.0,126.0,613.0
325.0,-78.0,958.0
114.0,-184.0,1352.0
845.0,-696.0,1999.0
1170.0,-368.0,1999.0
902.0,-602.0,1999.0
217.0,-594.0,1076.0
-762.0,-343.0,299.0
-1416.0,-348.0,388.0
-1670.0,-432.0,840.0
-1277.0,-87.0,932.0
-1098.0,-232.0,1145.0
-576.0,-160.0,1147.0
-474.0,-295.0,1043.0
-570.0,-358.0,569.0
-1034.0,-563.0,9.0
-443.0,-282.0,11.0
1250.0,229.0,626.0
1291.0,440.0,1035.0

-,-,-
-327.0,247.0,724.0
-815.0,13.0,740.0
-774.0,-128.0,740.0
-187.0,-37.0,870.0
598.0,-10.0,1138.0
708.0,118.0,993.0
317.0,-3.0,683.0
-196.0,-239.0,223.0
-496.0,-265.0,-116.0
208.0,-100.0,454.0
399.0,149.0,497.0
498.0,78.0,1220.0
422.0,-316.0,1664.0
326.0,-849.0,1999.0
1020.0,-658.0,1999.0
1358.0,-434.0,1822.0
442.0,-347.0,1221.0
-1079.0,-645.0,614.0
-1778.0,-917.0,912.0
-1810.0,-588.0,670.0
-1936.0,-653.0,755.0
-1113.0,-522.0,625.0
-288.0,-390.0,509.0
108.0,-126.0,327.0
698.0,256.0,244.0
804.0,579.0,322.0
479.0,341.0,622.0
392.0,116.0,891.0
112.0,113.0,958.0

-,-,-
-241.0,178.0,1009.0
-242.0,264.0,777.0
-347.0,274.0,846.0
-476.0,173.0,1049.0
-554.0,298.0,644.0
-525.0,93.0,975.0
-262.0,155.0,692.0
295.0,121.0,976.0
494.0,58.0,932.0
1117.0,41.0,1110.0
354.0,68.0,609.0
-574.0,-34.0,-10.0
-562.0,-251.0,87.0
-61.0,-51.0,-104.0
742.0,174.0,249.0
871.0,187.0,616.0
877.0,-330.0,1264.0
1083.0,-661.0,1662.0
991.0,-1502.0,1999.0
812.0,-1183.0,1999.0
891.0,-1154.0,1999.0
-411.0,-1255.0,1137.0
-2000.0,-1125.0,406.0
-2000.0,-776.0,103.0
-1700.0,-764.0,771.0
-724.0,-599.0,775.0
-262.0,-274.0,431.0
-183.0,-183.0,71.0
270.0,8.0,-24.0
1033.0,138.0,448.0
1003.0,339.0,822.0

-,-,-
-860.0,96.0,590.0
-1036.0,-282.0,665.0
245.0,-15.0,1021.0
1185.0,426.0,1205.0
1025.0,478.0,934.0
204.0,75.0,470.0
-459.0,-141.0,56.0
-454.0,-104.0,-106.0
-23.0,195.0,-147.0
354.0,139.0,519.0
740.0,-186.0,1609.0
624.0,-619.0,1999.0
582.0,-1078.0,1999.0
624.0,-605.0,1653.0
413.0,-295.0,1056.0
-428.0,-337.0,606.0
-1536.0,-612.0,440.0
-2000.0,-780.0,673.0
-1541.0,-180.0,737.0
-440.0,-38.0,1720.0
-86.0,105.0,1997.0
-543.0,-135.0,1444.0
-454.0,-228.0,828.0
-185.0,-314.0,550.0
158.0,-265.0,361.0
135.0,-115.0,348.0
-76.0,85.0,352.0
-527.0,-6.0,415.0

-,-,-
-267.0,193.0,813.0
-169.0,291.0,867.0
-307.0,265.0,768.0
-529.0,312.0,680.0
-845.0,61.0,633.0
-580.0,-209.0,814.0
249.0,-154.0,1120.0
462.0,100.0,931.0
894.0,250.0,996.0
1089.0,258.0,800.0
445.0,29.0,377.0
-279.0,-72.0,-57.0
-150.0,158.0,-4.0
-11.0,85.0,444.0
-153.0,-71.0,1059.0
186.0,-503.0,1999.0
403.0,-829.0,1999.0
321.0,-681.0,1925.0
256.0,-452.0,1511.0
75.0,-396.0,1049.0
-344.0,-435.0,791.0
-1058.0,-371.0,515.0
-1574.0,-390.0,417.0
-1550.0,-189.0,467.0
-941.0,-68.0,921.0
-573.0,23.0,1534.0
-474.0,145.0,1670.0
-790.0,-455.0,1526.0
-744.0,-425.0,619.0
-102.0,-339.0,520.0
266.0,-99.0,260.0
168.0,49.0,252.0
-84.0,82.0,436.0
-1021.0,-131.0,327.0
-949.0,-268.0,424.0
490.0,-14.0,945.0
1301.0,288.0,1216.0
1330.0,362.0,1236.0
628.0,116.0,1038.0

-,-,-
39.0,167.0,1101.0
18.0,154.0,952.0
-36.0,146.0,1013.0
-22.0,169.0,991.0
-119.0,179.0,965.0
-324.0,119.0,896.0
-468.0,81.0,782.0
-864.0,-123.0,749.0
-387.0,-90.0,824.0
573.0,156.0,1054.0
947.0,294.0,1119.0
693.0,243.0,985.0
422.0,129.0,861.0
295.0,15.0,765.0
183.0,-60.0,464.0
-52.0,-77.0,124.0
-129.0,-12.0,-8.0
83.0,243.0,504.0
167.0,-55.0,1024.0
282.0,-309.0,1842.0
261.0,-509.0,1990.0
478.0,-522.0,1999.0
883.0,-489.0,1936.0
974.0,-400.0,1365.0
551.0,-369.0,702.0
-149.0,-150.0,328.0
-1121.0,-146.0,283.0
-1303.0,-398.0,725.0
-1354.0,-205.0,859.0
-1039.0,61.0,1136.0
-773.0,124.0,1646.0
-479.0,-53.0,1749.0
-78.0,-224.0,1190.0
72.0,-252.0,697.0
120.0,-64.0,211.0
-43.0,51.0,164.0
-195.0,176.0,220.0
-882.0,25.0,534.0
-1265.0,-282.0,449.0
-16.0,-191.0,1011.0
1286.0,23.0,1395.0

-,-,-
-375.0,201.0,811.0
-593.0,17.0,1149.0
-911.0,-74.0,1005.0
-1349.0,-236.0,747.0
-134.0,-147.0,921.0
1137.0,64.0,1254.0
1079.0,246.0,1043.0
662.0,208.0,839.0
403.0,149.0,701.0
164.0,-42.0,675.0
-194.0,-147.0,363.0
-250.0,-212.0,6.0
102.0,-125.0,188.0
365.0,238.0,608.0
625.0,151.0,1377.0
790.0,-155.0,1999.0
856.0,-528.0,1999.0
644.0,-751.0,1867.0
937.0,-507.0,1223.0
482.0,-140.0,729.0
-466.0,-4.0,435.0
-985.0,-303.0,509.0
-1227.0,-351.0,653.0
-1226.0,-155.0,782.0
-1030.0,98.0,1027.0
-669.0,227.0,1582.0
-199.0,-62.0,1746.0
156.0,-175.0,1250.0
72.0,-197.0,691.0
-188.0,-244.0,348.0
-218.0,-19.0,214.0
-386.0,112.0,356.0
-783.0,2.0,454.0
-768.0,-175.0,584.0
361.0,-93.0,1107.0

-,-,-
63.0,118.0,1023.0
-147.0,154.0,771.0
-265.0,48.0,1178.0
-666.0,87.0,816.0
-978.0,-66.0,905.0
-1083.0,-218.0,773.0
-911.0,-230.0,703.0
352.0,-185.0,1062.0
1203.0,100.0,1169.0
924.0,245.0,993.0
582.0,73.0,691.0
334.0,-10.0,417.0
11.0,-168.0,60.0
-171.0,-251.0,-164.0
-131.0,16.0,-8.0
177.0,119.0,817.0
967.0,-347.0,1999.0
979.0,-689.0,1999.0
576.0,-869.0,1999.0
642.0,-718.0,1499.0
756.0,-299.0,1040.0
83.0,-29.0,566.0
-808.0,-203.0,123.0
-1713.0,-615.0,524.0
-1762.0,-368.0,633.0
-1182.0,-33.0,1479.0
-360.0,110.0,1915.0
-370.0,-358.0,1489.0
-644.0,-562.0,565.0
-56.0,-494.0,435.0
133.0,-93.0,188.0
210.0,102.0,509.0
-66.0,163.0,515.0
-1206.0,-7.0,331.0
-500.0,-204.0,872.0
1154.0,23.0,1310.0
1154.0,201.0,1267.0

-,-,-
-447.0,24.0,765.0
-1211.0,-82.0,888.0
-1677.0,-344.0,748.0
-345.0,-308.0,1030.0
801.0,32.0,1001.0
1193.0,219.0,982.0
1197.0,231.0,819.0
700.0,117.0,512.0
1.0,-243.0,160.0
-311.0,-346.0,-105.0
-605.0,-86.0,-257.0
-16.0,74.0,609.0
1139.0,-70.0,1999.0
1649.0,-484.0,1999.0
925.0,-681.0,1999.0
432.0,-585.0,1235.0
-40.0,-249.0,720.0
-542.0,-90.0,557.0
-1385.0,-407.0,556.0
-1585.0,-472.0,731.0
-1168.0,-250.0,982.0
-619.0,64.0,1627.0
-362.0,-7.0,1832.0
-273.0,-331.0,1159.0
-354.0,-483.0,649.0
121.0,-275.0,409.0
-20.0,36.0,363.0
-132.0,174.0,419.0
-994.0,-79.0,566.0
-1508.0,-431.0,244.0
-5.0,-373.0,868.0
1626.0,69.0,1329.0

-,-,-
-249.0,105.0,982.0
-224.0,97.0,920.0
-731.0,32.0,915.0
-1061.0,50.0,862.0
-1525.0,-106.0,645.0
-1267.0,-426.0,777.0
76.0,-143.0,862.0
1301.0,91.0,1262.0
1271.0,253.0,1045.0
862.0,242.0,771.0
374.0,75.0,609.0
6.0,-192.0,424.0
-277.0,-232.0,28.0
-136.0,-97.0,176.0
313.0,190.0,572.0
969.0,122.0,1806.0
1303.0,-165.0,1999.0
927.0,-450.0,1775.0
652.0,-394.0,1182.0
173.0,-78.0,661.0
-715.0,67.0,440.0
-1478.0,-503.0,707.0
-1710.0,-513.0,896.0
-1226.0,-253.0,1083.0
-762.0,90.0,1387.0
-607.0,270.0,1559.0
-540.0,-119.0,1299.0
-366.0,-150.0,585.0
25.0,-213.0,605.0
-78.0,-65.0,328.0
-498.0,-131.0,493.0
-1236.0,-181.0,487.0
-1433.0,-464.0,422.0
174.0,-274.0,791.0
1520.0,211.0,965.0
1500.0,474.0,984.0

-,-,-
-197.0,275.0,551.0
-539.0,189.0,971.0
-1211.0,55.0,694.0
-1986.0,-200.0,959.0
-1788.0,-437.0,761.0
-63.0,-215.0,718.0
1155.0,4.0,1171.0
1593.0,370.0,982.0
1318.0,239.0,819.0
571.0,53.0,322.0
-552.0,-188.0,-207.0
-592.0,-217.0,-212.0
335.0,134.0,438.0
916.0,168.0,1289.0
1403.0,-64.0,1921.0
1270.0,-485.0,1999.0
855.0,-498.0,1341.0
315.0,-419.0,957.0
-240.0,69.0,491.0
-1306.0,-313.0,492.0
-2000.0,-750.0,729.0
-1923.0,-531.0,814.0
-854.0,-22.0,1294.0
-277.0,207.0,1999.0
-271.0,-154.0,1690.0
-741.0,-683.0,1032.0
-227.0,-431.0,529.0
-271.0,-147.0,278.0
-124.0,92.0,291.0
-390.0,73.0,353.0
-1280.0,-375.0,520.0
-1090.0,-527.0,297.0

-,-,-
-540.0,39.0,942.0
-1323.0,-95.0,843.0
-1236.0,-137.0,492.0
-594.0,-241.0,729.0
438.0,-33.0,782.0
1310.0,149.0,1067.0
1369.0,382.0,820.0
713.0,123.0,614.0
-246.0,-85.0,-112.0
-499.0,-212.0,-221.0
85.0,45.0,166.0
390.0,-65.0,1036.0
1346.0,-198.0,1999.0
1401.0,-555.0,1999.0
932.0,-572.0,1795.0
380.0,-526.0,1288.0
-421.0,-213.0,555.0
-1064.0,-150.0,398.0
-1695.0,-456.0,838.0
-1583.0,-197.0,904.0
-903.0,22.0,1434.0
-301.0,71.0,1791.0
-67.0,-236.0,1661.0
-130.0,-318.0,1045.0
-75.0,-209.0,428.0
-127.0,-140.0,270.0
19.0,41.0,236.0
-79.0,166.0,435.0
-363.0,182.0,500.0
-1053.0,-62.0,672.0
-943.0,-164.0,634.0
0.0,-77.0,816.0
1243.0,52.0,1261.0
1093.0,304.0,939.0
857.0,164.0,979.0

-,-,-
-490.0,149.0,950.0
-516.0,-7.0,1062.0
-977.0,10.0,793.0
-1291.0,-127.0,950.0
-1021.0,-148.0,800.0
-389.0,-100.0,794.0
485.0,-22.0,950.0
813.0,88.0,940.0
952.0,106.0,773.0
699.0,27.0,639.0
305.0,-3.0,254.0
152.0,-197.0,456.0
109.0,-34.0,373.0
25.0,-41.0,649.0
-12.0,-20.0,956.0
73.0,-299.0,1434.0
547.0,-368.0,1999.0
1071.0,-429.0,1999.0
835.0,-295.0,1742.0
-112.0,-336.0,1043.0
-732.0,-196.0,621.0
-1139.0,-286.0,664.0
-1302.0,-256.0,742.0
-1214.0,-155.0,1056.0
-683.0,-32.0,1329.0
-456.0,-196.0,1360.0
-313.0,-293.0,934.0
-394.0,-117.0,327.0
-109.0,-10.0,233.0
-60.0,107.0,302.0
39.0,16.0,621.0
-74.0,59.0,673.0
-275.0,-36.0,747.0
507.0,20.0,1051.0

-,-,-
-488.0,57.0,916.0
-613.0,-28.0,913.0
-755.0,-136.0,929.0
-579.0,-214.0,1123.0
-439.0,-92.0,886.0
-146.0,-43.0,981.0
108.0,0.0,853.0
528.0,68.0,865.0
552.0,126.0,827.0
457.0,72.0,684.0
283.0,41.0,492.0
346.0,-16.0,541.0
359.0,-63.0,630.0
127.0,43.0,599.0
128.0,-63.0,809.0
275.0,72.0,1189.0
649.0,-184.0,1598.0
831.0,-172.0,1639.0
436.0,-193.0,1381.0
39.0,-278.0,1219.0
-227.0,-186.0,856.0
-493.0,-312.0,849.0
-800.0,-237.0,667.0
-946.0,-316.0,908.0
-847.0,-279.0,1221.0
-705.0,-177.0,1392.0
-507.0,-67.0,1499.0
-401.0,-179.0,1414.0
-443.0,-346.0,1139.0
-227.0,-393.0,806.0
-34.0,-190.0,472.0
1.0,-23.0,380.0
-94.0,87.0,498.0
-577.0,62.0,514.0
-1338.0,-369.0,609.0
-472.0,-217.0,487.0
1134.0,56.0,1153.0

-,-,-
-903.0,-18.0,840.0
-861.0,-201.0,1102.0
-693.0,-94.0,814.0
-218.0,-246.0,1089.0
246.0,-121.0,849.0
583.0,-41.0,967.0
1005.0,131.0,1010.0
797.0,153.0,781.0
246.0,-100.0,550.0
-293.0,-186.0,313.0
-340.0,-48.0,273.0
634.0,39.0,624.0
650.0,44.0,806.0
474.0,152.0,844.0
-47.0,-107.0,969.0
188.0,-111.0,1417.0
492.0,-268.0,1956.0
866.0,-253.0,1999.0
1617.0,-490.0,1999.0
512.0,-755.0,1137.0
-971.0,-615.0,-25.0
-1705.0,-500.0,1.0
-1829.0,-396.0,425.0
-1504.0,-238.0,593.0
-1011.0,-117.0,918.0
-540.0,-44.0,1195.0
37.0,11.0,1424.0
328.0,4.0,1193.0
49.0,39.0,540.0
-420.0,-300.0,309.0
-670.0,-388.0,151.0
-411.0,-432.0,491.0
559.0,-64.0,816.0
947.0,250.0,950.0
1090.0,225.0,1164.0
738.0,194.0,995.0

-,-,-
-662.0,-21.0,951.0
-1115.0,-182.0,1147.0
-744.0,-168.0,881.0
-392.0,-167.0,653.0
427.0,-160.0,822.0
950.0,80.0,686.0
982.0,200.0,500.0
664.0,57.0,318.0
54.0,-151.0,122.0
-11.0,-142.0,59.0
84.0,-156.0,620.0
560.0,-184.0,1315.0
1338.0,-572.0,1999.0
1292.0,-843.0,1999.0
740.0,-593.0,1315.0
128.0,-406.0,788.0
-487.0,-43.0,552.0
-907.0,-203.0,409.0
-1310.0,-441.0,718.0
-1386.0,-389.0,918.0
-1129.0,-188.0,1333.0
-607.0,-58.0,1530.0
-359.0,-83.0,1776.0
-299.0,-644.0,1698.0
-231.0,-393.0,820.0
-702.0,-555.0,384.0
-663.0,-441.0,78.0
-696.0,-190.0,35.0
26.0,109.0,115.0
647.0,230.0,609.0
1044.0,205.0,1042.0
735.0,227.0,932.0
298.0,26.0,870.0
145.0,-45.0,1061.0
208.0,131.0,973.0

-,-,-
811.0,257.0,1146.0
530.0,166.0,832.0
481.0,43.0,924.0
705.0,-8.0,1104.0
945.0,-1.0,1207.0
564.0,134.0,816.0
-191.0,-37.0,505.0
-964.0,-604.0,256.0
-1027.0,-368.0,67.0
-366.0,107.0,-189.0
-148.0,130.0,112.0
194.0,310.0,416.0
146.0,35.0,1179.0
81.0,-750.0,1999.0
-942.0,-1563.0,1999.0
-1366.0,-1097.0,1760.0
-988.0,-651.0,932.0
432.0,-535.0,895.0
1331.0,-362.0,1052.0
1542.0,-28.0,1129.0
1367.0,-18.0,1545.0
802.0,-396.0,1998.0
329.0,-604.0,1468.0
-239.0,-341.0,357.0
-614.0,-109.0,-155.0
-136.0,49.0,-192.0
625.0,243.0,92.0
1597.0,280.0,740.0
1508.0,553.0,587.0
1058.0,334.0,790.0
-240.0,-28.0,663.0
-1168.0,-436.0,1140.0

-,-,-
666.0,214.0,1022.0
849.0,261.0,1029.0
940.0,192.0,1043.0
1104.0,148.0,1076.0
890.0,124.0,1135.0
183.0,104.0,888.0
-536.0,-28.0,586.0
-945.0,-165.0,531.0
-647.0,-125.0,479.0
-202.0,-95.0,448.0
-13.0,-62.0,323.0
238.0,140.0,199.0
222.0,345.0,320.0
218.0,332.0,778.0
-101.0,-97.0,1541.0
-411.0,-905.0,1999.0
-918.0,-1083.0,1999.0
-886.0,-698.0,1661.0
-881.0,-539.0,812.0
245.0,-416.0,707.0
920.0,-285.0,779.0
1248.0,55.0,696.0
1010.0,147.0,1011.0
1009.0,-92.0,1538.0
1161.0,-195.0,1999.0
311.0,-261.0,1179.0
-332.0,-315.0,479.0
-334.0,-88.0,41.0
-47.0,-23.0,115.0
449.0,191.0,291.0
905.0,198.0,700.0
1104.0,158.0,961.0
1188.0,262.0,883.0
598.0,258.0,824.0
-481.0,-81.0,689.0
-951.0,-188.0,701.0
-611.0,-197.0,981.0
-386.0,-330.0,1342.0

-,-,-
592.0,95.0,944.0
814.0,93.0,882.0
1032.0,181.0,750.0
1241.0,74.0,1105.0
1229.0,212.0,1016.0
664.0,137.0,1004.0
-141.0,24.0,788.0
-887.0,-189.0,740.0
-951.0,-307.0,795.0
-724.0,-200.0,737.0
-253.0,-180.0,828.0
-12.0,-122.0,538.0
58.0,-92.0,336.0
404.0,166.0,288.0
323.0,385.0,497.0
11.0,13.0,1068.0
-114.0,-204.0,1561.0
-478.0,-740.0,1999.0
-806.0,-850.0,1881.0
-1579.0,-513.0,1121.0
-1260.0,-436.0,728.0
67.0,-438.0,756.0
1012.0,-234.0,880.0
1360.0,74.0,897.0
1096.0,55.0,1119.0
779.0,183.0,1526.0
546.0,-154.0,1916.0
503.0,-172.0,1128.0
251.0,-155.0,494.0
-126.0,-218.0,222.0
3.0,-34.0,118.0
330.0,207.0,364.0
526.0,101.0,696.0

-,-,-
1090.0,333.0,1056.0
-126.0,-185.0,778.0
-1152.0,-362.0,536.0
-1594.0,-473.0,601.0
-1009.0,-336.0,975.0
-418.0,-48.0,1069.0
-292.0,117.0,982.0
-183.0,-2.0,1105.0

-,-,-
753.0,184.0,718.0
845.0,147.0,907.0
1120.0,168.0,1028.0
1062.0,226.0,1027.0
328.0,11.0,846.0
-666.0,-233.0,449.0
-1092.0,-414.0,440.0
-782.0,-320.0,420.0
-359.0,-185.0,276.0
24.0,70.0,193.0
457.0,402.0,336.0
579.0,570.0,537.0
-19.0,-300.0,1339.0
-1164.0,-1389.0,1999.0
-1845.0,-1172.0,1790.0
-1229.0,-679.0,1213.0
150.0,-458.0,1034.0
1161.0,-270.0,1098.0
1999.0,-53.0,1579.0
1894.0,-115.0,1968.0
300.0,-593.0,1798.0
-588.0,-624.0,956.0
-409.0,-262.0,315.0
18.0,4.0,94.0
539.0,140.0,183.0
833.0,20.0,499.0
946.0,-52.0,711.0
1131.0,-12.0,883.0
1043.0,139.0,829.0
820.0,202.0,910.0
-285.0,18.0,614.0
-1738.0,-183.0,409.0
-1445.0,-166.0,632.0
-163.0,-14.0,1152.0
-3.0,78.0,1112.0
-118.0,94.0,916.0

-,-,-
650.0,340.0,609.0
752.0,381.0,717.0
920.0,164.0,958.0
1007.0,156.0,750.0
1266.0,-109.0,1437.0
1315.0,139.0,1057.0
541.0,49.0,888.0
-113.0,-41.0,700.0
-656.0,-105.0,614.0
-803.0,-204.0,585.0
-628.0,-238.0,579.0
-329.0,-183.0,407.0
174.0,-16.0,336.0
411.0,310.0,297.0
317.0,512.0,97.0
194.0,449.0,563.0
-39.0,-256.0,1725.0
-721.0,-1124.0,1999.0
-1632.0,-1083.0,1667.0
-1811.0,-502.0,846.0
-663.0,-590.0,748.0
995.0,-492.0,1174.0
1507.0,-142.0,1393.0
1470.0,77.0,1546.0
1101.0,-89.0,1934.0
416.0,-485.0,1834.0
-37.0,-187.0,551.0
-145.0,-177.0,249.0
76.0,112.0,-147.0
-133.0,-146.0,415.0
568.0,193.0,360.0
496.0,-29.0,845.0

-,-,-
317.0,176.0,868.0
539.0,130.0,939.0
868.0,55.0,1158.0
1152.0,12.0,1229.0
1054.0,-59.0,1464.0
625.0,49.0,1003.0
-293.0,-104.0,907.0
-744.0,-44.0,476.0
-949.0,-158.0,496.0
-659.0,-203.0,439.0
-180.0,-53.0,308.0
58.0,62.0,214.0
301.0,397.0,145.0
458.0,592.0,178.0
129.0,172.0,986.0
-40.0,-507.0,1357.0
-1195.0,-1351.0,1963.0
-1438.0,-1035.0,1639.0
-1285.0,-743.0,1135.0
-409.0,-688.0,965.0
347.0,-623.0,875.0
1770.0,-344.0,1468.0
1999.0,79.0,1999.0
1447.0,138.0,1151.0
-101.0,-358.0,654.0
-645.0,-219.0,-198.0
-397.0,-117.0,58.0
89.0,65.0,123.0
440.0,87.0,713.0

-,-,-
38.0,210.0,807.0
-424.0,-29.0,984.0
-322.0,147.0,549.0
215.0,19.0,1023.0
1079.0,196.0,1045.0
1585.0,420.0,1240.0
1164.0,218.0,1123.0
-167.0,-164.0,606.0
-1089.0,-400.0,331.0
-1053.0,-215.0,86.0
-477.0,-86.0,220.0
-21.0,-7.0,377.0
207.0,257.0,394.0
11.0,316.0,486.0
-325.0,39.0,1137.0
-939.0,-1060.0,1999.0
-901.0,-1500.0,1999.0
-507.0,-959.0,1729.0
319.0,-443.0,1011.0
1064.0,-312.0,840.0
1999.0,205.0,1154.0
1851.0,-153.0,1646.0
515.0,-452.0,1254.0
215.0,-414.0,816.0
5.0,-185.0,312.0
-89.0,-112.0,124.0
189.0,-63.0,218.0
189.0,97.0,485.0

-,-,-
475.0,215.0,729.0
747.0,182.0,833.0
731.0,162.0,762.0
975.0,53.0,947.0
1253.0,54.0,1212.0
1348.0,95.0,1291.0
535.0,55.0,888.0
-380.0,-36.0,473.0
-1275.0,-334.0,328.0
-1281.0,-559.0,491.0
-750.0,-451.0,486.0
66.0,-91.0,331.0
474.0,207.0,349.0
400.0,608.0,-103.0
-324.0,351.0,422.0
-333.0,-106.0,580.0
-485.0,-1120.0,1999.0
-633.0,-1365.0,1999.0
-613.0,-938.0,1999.0
-363.0,-584.0,1509.0
-127.0,-471.0,1197.0
443.0,-411.0,1197.0
928.0,-402.0,1601.0
1150.0,-546.0,1461.0
731.0,-433.0,848.0
290.0,-178.0,209.0
218.0,158.0,81.0
282.0,301.0,-2.0
434.0,178.0,646.0
391.0,215.0,673.0
236.0,49.0,880.0
-7.0,48.0,758.0

-,-,-
583.0,228.0,871.0
652.0,198.0,824.0
637.0,118.0,861.0
580.0,57.0,952.0
893.0,57.0,1198.0
730.0,142.0,1126.0
-232.0,34.0,707.0
-722.0,-68.0,535.0
-987.0,-251.0,656.0
-710.0,-280.0,686.0
-397.0,-280.0,627.0
-240.0,-244.0,339.0
120.0,176.0,209.0
294.0,456.0,171.0
270.0,610.0,3.0
20.0,69.0,896.0
-677.0,-1302.0,1816.0
-1206.0,-1728.0,1999.0
-916.0,-959.0,1827.0
-682.0,-661.0,1307.0
85.0,-717.0,1222.0
642.0,-482.0,1056.0
1502.0,-175.0,1497.0
1461.0,-2.0,1585.0
922.0,-167.0,1231.0
39.0,-369.0,539.0
-122.0,-208.0,97.0
-365.0,-215.0,84.0
-3.0,-13.0,167.0

-,-,-
627.0,146.0,834.0
928.0,196.0,928.0
1322.0,30.0,1305.0
1382.0,247.0,1027.0
640.0,173.0,801.0
-115.0,60.0,558.0
-696.0,-87.0,691.0
-649.0,4.0,704.0
-640.0,-5.0,843.0
-507.0,11.0,860.0
-362.0,12.0,823.0
-14.0,-91.0,942.0
-51.0,-153.0,762.0
-238.0,-118.0,484.0
-250.0,163.0,195.0
122.0,426.0,198.0
272.0,522.0,689.0
-73.0,-10.0,958.0
-648.0,-561.0,1637.0
-833.0,-926.0,1976.0
-937.0,-762.0,1867.0
-893.0,-381.0,1096.0
-39.0,-375.0,922.0
1254.0,-161.0,941.0
1683.0,57.0,1211.0
1609.0,-83.0,1621.0
517.0,-375.0,1528.0
127.0,-355.0,1090.0
10.0,-123.0,640.0
351.0,60.0,582.0
355.0,154.0,297.0
-15.0,-12.0,480.0

-,-,-
358.0,123.0,941.0
391.0,150.0,809.0
486.0,153.0,757.0
546.0,91.0,907.0
781.0,73.0,1030.0
832.0,82.0,1040.0
931.0,-22.0,1312.0
554.0,39.0,907.0
-203.0,-7.0,738.0
-768.0,-157.0,579.0
-653.0,-205.0,900.0
-736.0,-109.0,824.0
-713.0,0.0,586.0
-425.0,-78.0,502.0
-245.0,-288.0,641.0
65.0,-95.0,436.0
139.0,218.0,274.0
-12.0,381.0,148.0
129.0,503.0,556.0
345.0,-44.0,1456.0
420.0,-449.0,1906.0
126.0,-944.0,1999.0
56.0,-682.0,1837.0
-207.0,-506.0,1421.0
-412.0,-385.0,1148.0
-562.0,-315.0,958.0
-693.0,-457.0,834.0
-131.0,-346.0,596.0
910.0,-226.0,950.0
1212.0,50.0,961.0
1246.0,178.0,1365.0
628.0,-74.0,1529.0
193.0,-236.0,1197.0
-2.0,-111.0,368.0
-263.0,-217.0,492.0
-72.0,-38.0,187.0
289.0,23.0,618.0

-,-,-
288.0,197.0,694.0
520.0,119.0,905.0
843.0,108.0,976.0
858.0,125.0,979.0
1097.0,68.0,1217.0
994.0,65.0,1216.0
391.0,-52.0,1176.0
-443.0,-131.0,657.0
-1091.0,-247.0,550.0
-1053.0,-244.0,636.0
-651.0,-211.0,616.0
-346.0,-194.0,583.0
-85.0,-111.0,264.0
33.0,-41.0,299.0
167.0,125.0,73.0
55.0,239.0,462.0
-151.0,96.0,860.0
56.0,-432.0,1880.0
-134.0,-798.0,1999.0
-403.0,-925.0,1999.0
-817.0,-589.0,1495.0
-1075.0,-524.0,1081.0
-406.0,-413.0,542.0
429.0,-290.0,582.0
930.0,-209.0,657.0
1409.0,-40.0,762.0
1149.0,-76.0,1153.0
1208.0,-158.0,1840.0
1152.0,-220.0,1736.0
282.0,-437.0,1120.0
-220.0,-173.0,110.0
-538.0,-357.0,173.0
66.0,-93.0,268.0
452.0,130.0,430.0
601.0,30.0,753.0
704.0,90.0,729.0
852.0,78.0,796.0
1105.0,216.0,829.0
374.0,38.0,969.0
-49.0,-164.0,929.0
-805.0,-261.0,739.0
-780.0,-271.0,883.0
-346.0,-191.0,1073.0

-,-,-
-161.0,136.0,804.0
126.0,158.0,862.0
639.0,275.0,767.0
1121.0,185.0,1083.0
1353.0,262.0,861.0
1199.0,84.0,947.0
1132.0,122.0,929.0
906.0,23.0,1042.0
145.0,-98.0,897.0
-686.0,-50.0,482.0
-1188.0,-296.0,617.0
-699.0,-340.0,654.0
-210.0,-248.0,598.0
5.0,-110.0,430.0
163.0,190.0,230.0
388.0,308.0,76.0
255.0,260.0,736.0
248.0,217.0,982.0
-610.0,-1106.0,1999.0
-1195.0,-1707.0,1999.0
-1039.0,-1023.0,1528.0
-178.0,-645.0,1040.0
607.0,-364.0,663.0
1686.0,-197.0,1060.0
1999.0,-179.0,1701.0
1313.0,-373.0,1717.0
588.0,-605.0,1665.0
25.0,-504.0,928.0
80.0,-259.0,367.0
-126.0,-2.0,-72.0
134.0,19.0,46.0
159.0,31.0,288.0
469.0,72.0,647.0

-,-,-
702.0,212.0,737.0
1026.0,117.0,959.0
1087.0,179.0,876.0
957.0,96.0,862.0
994.0,-17.0,1187.0
1110.0,19.0,1185.0
442.0,-114.0,1024.0
-377.0,-156.0,547.0
-968.0,-290.0,707.0
-1013.0,-255.0,633.0
-726.0,-239.0,676.0
-363.0,-130.0,494.0
13.0,2.0,375.0
183.0,101.0,222.0
416.0,368.0,146.0
256.0,593.0,150.0
-105.0,166.0,618.0
-345.0,-697.0,1802.0
-1128.0,-1401.0,1999.0
-1209.0,-1082.0,1999.0
-815.0,-682.0,1482.0
-641.0,-724.0,1145.0
438.0,-641.0,985.0
1050.0,-284.0,918.0
1684.0,-22.0,1318.0
1634.0,226.0,1537.0
496.0,-261.0,1435.0
224.0,-432.0,790.0
11.0,-262.0,368.0
-174.0,-118.0,30.0
2.0,-127.0,310.0
287.0,0.0,649.0

-,-,-
1122.0,111.0,956.0
1288.0,221.0,1104.0
1217.0,203.0,932.0
849.0,-14.0,1089.0
545.0,-40.0,965.0
198.0,-89.0,973.0
-289.0,-63.0,670.0
-828.0,-154.0,494.0
-994.0,-305.0,440.0
-587.0,-509.0,727.0
-272.0,-571.0,644.0
-145.0,-326.0,363.0
211.0,209.0,171.0
316.0,523.0,238.0
-16.0,630.0,222.0
-180.0,-12.0,1360.0
-604.0,-895.0,1999.0
-1146.0,-1213.0,1999.0
-1081.0,-567.0,1503.0
-686.0,-462.0,1251.0
-302.0,-466.0,1150.0
-80.0,-258.0,1074.0
1081.0,-401.0,1914.0
1514.0,-445.0,1989.0
861.0,-381.0,1197.0
-15.0,-318.0,358.0
-194.0,-49.0,-46.0
116.0,131.0,82.0
286.0,55.0,399.0

-,-,-
193.0,230.0,644.0
467.0,183.0,713.0
863.0,138.0,865.0
1016.0,126.0,894.0
1180.0,-41.0,1131.0
1269.0,101.0,913.0
852.0,-91.0,1110.0
446.0,-181.0,979.0
-441.0,-390.0,813.0
-1039.0,-469.0,659.0
-1220.0,-412.0,513.0
-862.0,-453.0,775.0
-497.0,-319.0,505.0
-40.0,-165.0,365.0
337.0,305.0,171.0
672.0,781.0,58.0
73.0,434.0,393.0
-809.0,-287.0,1120.0
-1325.0,-1087.0,1979.0
-1027.0,-787.0,1976.0
-616.0,-586.0,1574.0
-50.0,-543.0,1398.0
1010.0,-457.0,1464.0
1041.0,-679.0,1999.0
681.0,-854.0,1999.0
285.0,-711.0,1195.0
-265.0,-417.0,296.0
21.0,-12.0,-193.0
331.0,211.0,-187.0
156.0,-52.0,415.0

-,-,-
673.0,108.0,825.0
880.0,238.0,688.0
991.0,0.0,1074.0
1527.0,24.0,1176.0
1277.0,-101.0,1216.0
506.0,-151.0,832.0
-621.0,-252.0,370.0
-1641.0,-387.0,340.0
-1121.0,-223.0,655.0
-339.0,-81.0,648.0
-43.0,-86.0,476.0
96.0,-51.0,366.0
149.0,223.0,138.0
420.0,415.0,190.0
93.0,469.0,689.0
-140.0,-467.0,1417.0
-580.0,-982.0,1805.0
-1074.0,-922.0,1717.0
-1041.0,-577.0,1291.0
-604.0,-462.0,1093.0
-52.0,-613.0,1129.0
748.0,-636.0,1268.0
1381.0,-557.0,1707.0
1481.0,-643.0,1999.0
742.0,-733.0,1494.0
167.0,-468.0,682.0
-69.0,-76.0,-145.0
12.0,9.0,-157.0
261.0,-123.0,183.0
371.0,-83.0,575.0
397.0,-35.0,710.0

-,-,-
435.0,159.0,773.0
512.0,43.0,941.0
890.0,45.0,932.0
1167.0,77.0,1087.0
1206.0,2.0,1182.0
449.0,-68.0,946.0
-404.0,-119.0,617.0
-511.0,-84.0,660.0
-465.0,-8.0,740.0
-331.0,-150.0,864.0
-576.0,-240.0,812.0
-615.0,-144.0,419.0
-413.0,-19.0,166.0
154.0,114.0,178.0
406.0,493.0,219.0
205.0,525.0,595.0
-269.0,-154.0,1240.0
-412.0,-1015.0,1999.0
-593.0,-955.0,1999.0
-347.0,-451.0,1530.0
-184.0,-412.0,1269.0
245.0,-291.0,1031.0
1269.0,-365.0,1533.0
1640.0,-565.0,1999.0
1059.0,-655.0,1674.0
328.0,-548.0,580.0
-21.0,-226.0,118.0
-55.0,-96.0,-168.0

-,-,-
354.0,-3.0,999.0
659.0,173.0,832.0
762.0,30.0,1040.0
975.0,79.0,940.0
992.0,-61.0,1153.0
958.0,-53.0,1123.0
280.0,-35.0,807.0
-472.0,-91.0,685.0
-1043.0,-122.0,458.0
-1189.0,-278.0,619.0
-600.0,-462.0,904.0
-108.0,-395.0,809.0
213.0,-273.0,550.0
297.0,-83.0,412.0
170.0,361.0,62.0
7.0,639.0,307.0
-193.0,286.0,633.0
-870.0,-937.0,1648.0
-985.0,-898.0,1693.0
-920.0,-760.0,1716.0
-516.0,-759.0,1536.0
-41.0,-673.0,1275.0
731.0,-496.0,1538.0
1674.0,-417.0,1946.0
1274.0,-950.0,1999.0
318.0,-669.0,970.0
-452.0,-323.0,179.0
-120.0,49.0,-342.0
112.0,-71.0,46.0

-,-,-
640.0,-6.0,805.0
1015.0,-95.0,1006.0
1416.0,-150.0,1352.0
955.0,-3.0,1146.0
-94.0,-127.0,704.0
-803.0,-205.0,488.0
-1112.0,-366.0,614.0
-698.0,-455.0,683.0
-227.0,-409.0,627.0
68.0,-230.0,354.0
203.0,185.0,216.0
466.0,659.0,93.0
192.0,305.0,665.0
-211.0,-367.0,1168.0
-600.0,-874.0,1719.0
-716.0,-790.0,1637.0
-596.0,-693.0,1677.0
-724.0,-611.0,1376.0
-699.0,-531.0,1009.0
-51.0,-498.0,976.0
751.0,-449.0,1022.0
1556.0,-346.0,1568.0
1570.0,-284.0,1922.0
717.0,-599.0,1794.0
41.0,-612.0,864.0
-159.0,-343.0,387.0
-49.0,-121.0,204.0

-,-,-
384.0,69.0,1065.0
911.0,155.0,835.0
1225.0,-35.0,1427.0
1067.0,80.0,1139.0
612.0,8.0,1001.0
16.0,-127.0,753.0
-450.0,-244.0,645.0
-844.0,-333.0,707.0
-785.0,-233.0,650.0
-267.0,220.0,448.0
-11.0,302.0,419.0
-303.0,166.0,256.0
-489.0,98.0,-8.0
-77.0,243.0,244.0
246.0,442.0,-153.0
420.0,-44.0,1068.0
-196.0,-1423.0,1751.0
-769.0,-2000.0,1999.0
-558.0,-1250.0,1999.0
-184.0,-829.0,1297.0
250.0,-697.0,896.0
1043.0,-650.0,992.0
1601.0,-155.0,825.0
1775.0,-341.0,1365.0
1273.0,-615.0,1148.0
947.0,-347.0,959.0
44.0,-74.0,-231.0
-87.0,-232.0,136.0
-38.0,-222.0,-20.0
453.0,-13.0,325.0
1432.0,15.0,823.0

-,-,-
148.0,179.0,1083.0
174.0,208.0,1173.0
113.0,299.0,1180.0
388.0,134.0,1341.0
541.0,254.0,1192.0
575.0,300.0,891.0
460.0,279.0,787.0
152.0,142.0,412.0
-116.0,-107.0,598.0
-395.0,-94.0,238.0
-313.0,114.0,92.0
-51.0,188.0,193.0
-40.0,24.0,454.0
-160.0,6.0,883.0
-412.0,-211.0,1136.0
-1281.0,-375.0,1618.0
-910.0,-192.0,1725.0
-130.0,-198.0,1999.0
83.0,-355.0,1999.0
496.0,-230.0,1705.0
1140.0,-198.0,1653.0
1977.0,2.0,1691.0
1394.0,-226.0,1182.0
52.0,-395.0,331.0
-969.0,-137.0,-300.0
-455.0,-49.0,-92.0
860.0,275.0,125.0
1551.0,290.0,748.0
1061.0,218.0,784.0
138.0,215.0,609.0
-686.0,-43.0,930.0
-767.0,41.0,1005.0

-,-,-
5.0,322.0,933.0
226.0,420.0,741.0
567.0,383.0,726.0
1062.0,320.0,998.0
1192.0,445.0,795.0
792.0,356.0,849.0
432.0,411.0,441.0
-296.0,84.0,725.0
-617.0,-44.0,643.0
-438.0,-45.0,569.0
-108.0,218.0,340.0
65.0,226.0,258.0
254.0,394.0,318.0
149.0,168.0,523.0
83.0,101.0,912.0
-618.0,-290.0,1334.0
-1616.0,-589.0,1999.0
-1454.0,-335.0,1824.0
-750.0,-392.0,1565.0
200.0,-509.0,1266.0
1099.0,-370.0,1182.0
1891.0,19.0,1281.0
1836.0,87.0,1514.0
1039.0,-227.0,1679.0
521.0,-244.0,1334.0
88.0,-154.0,743.0
-22.0,-133.0,352.0
-83.0,46.0,-56.0
-54.0,33.0,134.0
77.0,-9.0,535.0

-,-,-
486.0,285.0,685.0
628.0,198.0,813.0
975.0,197.0,787.0
1119.0,226.0,819.0
1257.0,305.0,862.0
817.0,259.0,878.0
237.0,57.0,955.0
-375.0,-180.0,956.0
-860.0,-195.0,816.0
-613.0,1.0,478.0
-318.0,142.0,228.0
27.0,161.0,258.0
187.0,165.0,477.0
98.0,182.0,541.0
-109.0,97.0,845.0
-287.0,-27.0,1119.0
-181.0,-307.0,1784.0
-198.0,-285.0,1781.0
168.0,-183.0,1999.0
88.0,26.0,1530.0
-656.0,143.0,950.0
-881.0,171.0,543.0
451.0,-147.0,1511.0
1186.0,-228.0,1999.0
947.0,-91.0,1938.0
403.0,-130.0,1241.0
251.0,-211.0,755.0
364.0,-121.0,393.0
44.0,-218.0,389.0
232.0,41.0,184.0
129.0,-22.0,556.0

-,-,-
414.0,87.0,872.0
728.0,100.0,904.0
807.0,79.0,929.0
853.0,151.0,882.0
730.0,72.0,921.0
552.0,59.0,985.0
229.0,12.0,996.0
-99.0,-16.0,1037.0
-499.0,-78.0,969.0
-548.0,-110.0,875.0
-468.0,37.0,598.0
-271.0,35.0,468.0
-98.0,125.0,452.0
-21.0,145.0,368.0
98.0,171.0,459.0
210.0,154.0,711.0
263.0,-38.0,1078.0
122.0,-74.0,1377.0
6.0,-176.0,1540.0
-166.0,-221.0,1645.0
-617.0,-257.0,1541.0
-678.0,-236.0,1540.0
-229.0,-297.0,1526.0
410.0,-320.0,1437.0
1105.0,-196.0,1413.0
1446.0,-92.0,1291.0
1335.0,-40.0,1005.0
596.0,-181.0,705.0
207.0,-250.0,437.0
-16.0,-145.0,213.0
-88.0,-147.0,419.0
125.0,6.0,476.0

-,-,-
330.0,145.0,928.0
437.0,124.0,878.0
558.0,132.0,859.0
605.0,63.0,898.0
632.0,131.0,894.0
561.0,116.0,947.0
375.0,55.0,976.0
178.0,43.0,1025.0
6.0,27.0,970.0
-95.0,-64.0,1008.0
-271.0,-112.0,961.0
-543.0,-83.0,656.0
-499.0,-63.0,536.0
-105.0,103.0,510.0
101.0,30.0,516.0
87.0,191.0,455.0
128.0,127.0,653.0
93.0,-76.0,952.0
106.0,-161.0,1217.0
116.0,-452.0,1690.0
-46.0,-595.0,1853.0
4.0,-461.0,1676.0
218.0,-391.0,1534.0
676.0,-371.0,1581.0
951.0,-367.0,1713.0
805.0,-413.0,1603.0
610.0,-335.0,1166.0
350.0,-305.0,750.0
285.0,-134.0,309.0
210.0,-83.0,245.0
114.0,-133.0,409.0
166.0,-83.0,506.0
53.0,-137.0,670.0

-,-,-
453.0,153.0,908.0
590.0,71.0,922.0
487.0,50.0,895.0
510.0,108.0,877.0
545.0,239.0,920.0
462.0,129.0,1050.0
54.0,65.0,958.0
-661.0,-101.0,848.0
-796.0,-9.0,662.0
-358.0,198.0,515.0
-44.0,180.0,587.0
63.0,68.0,470.0
4.0,125.0,392.0
176.0,75.0,403.0
138.0,177.0,523.0
275.0,-22.0,958.0
-144.0,-319.0,1409.0
-432.0,-609.0,1824.0
-477.0,-590.0,1979.0
-603.0,-569.0,1765.0
-382.0,-433.0,1405.0
-231.0,-534.0,964.0
830.0,-447.0,1061.0
1895.0,-191.0,1513.0
1459.0,-92.0,1531.0
798.0,-212.0,1115.0
319.0,-351.0,817.0
318.0,-224.0,308.0
-124.0,-364.0,375.0
9.0,-97.0,227.0
255.0,-29.0,509.0

-,-,-
427.0,106.0,934.0
486.0,135.0,807.0
697.0,55.0,897.0
827.0,13.0,913.0
747.0,-11.0,896.0
643.0,59.0,876.0
617.0,20.0,1030.0
638.0,48.0,1144.0
169.0,0.0,1039.0
-325.0,58.0,854.0
-668.0,29.0,888.0
-640.0,122.0,792.0
-448.0,93.0,755.0
-298.0,-41.0,721.0
-126.0,0.0,418.0
3.0,64.0,270.0
71.0,113.0,166.0
347.0,77.0,398.0
522.0,101.0,706.0
350.0,-79.0,934.0
106.0,-146.0,1311.0
-479.0,-444.0,1449.0
-1001.0,-691.0,1614.0
-1110.0,-599.0,1166.0
-910.0,-433.0,942.0
19.0,-413.0,1009.0
1005.0,-541.0,1791.0
1124.0,-297.0,1810.0
631.0,-549.0,1979.0
359.0,-542.0,1778.0
347.0,-468.0,1414.0
478.0,-302.0,968.0
525.0,-118.0,462.0
349.0,-237.0,232.0
88.0,-293.0,12.0

-,-,-
973.0,235.0,492.0
924.0,218.0,535.0
1006.0,286.0,605.0
823.0,85.0,1016.0
900.0,135.0,956.0
547.0,108.0,957.0
598.0,245.0,915.0
360.0,205.0,928.0
33.0,176.0,894.0
-81.0,258.0,784.0
-250.0,292.0,766.0
-258.0,318.0,745.0
-187.0,312.0,623.0
-401.0,235.0,770.0
-521.0,258.0,565.0
-611.0,114.0,611.0
-414.0,167.0,496.0
-315.0,15.0,553.0
-124.0,392.0,51.0
107.0,-19.0,527.0
52.0,268.0,381.0
533.0,-23.0,813.0
233.0,141.0,764.0
364.0,-191.0,1115.0
145.0,-40.0,1260.0
34.0,-48.0,1144.0
-104.0,-185.0,1892.0
-411.0,-132.0,1531.0
-377.0,-450.0,1991.0
-618.0,-232.0,1496.0
-813.0,-400.0,1224.0
-488.0,-541.0,946.0
297.0,-563.0,1038.0
718.0,-555.0,937.0
1489.0,-257.0,901.0
1479.0,-52.0,877.0
1286.0,-138.0,1109.0
1006.0,113.0,1376.0
640.0,-357.0,1899.0
416.0,-452.0,1681.0
166.0,-361.0,1237.0
-75.0,-265.0,625.0
65.0,-65.0,157.0
0.0,-81.0,137.0
137.0,194.0,-172.0
170.0,137.0,176.0
259.0,154.0,480.0

-,-,-
819.0,168.0,824.0
860.0,199.0,812.0
753.0,201.0,771.0
678.0,100.0,880.0
681.0,141.0,885.0
384.0,77.0,857.0
435.0,151.0,952.0
355.0,208.0,852.0
206.0,196.0,885.0
-80.0,166.0,837.0
-226.0,112.0,938.0
-377.0,113.0,863.0
-636.0,111.0,657.0
-606.0,78.0,670.0
-721.0,-15.0,610.0
-508.0,-80.0,625.0
-397.0,-297.0,533.0
-271.0,-143.0,140.0
194.0,3.0,272.0
172.0,331.0,260.0
505.0,565.0,570.0
632.0,365.0,1104.0
228.0,39.0,1397.0
-106.0,-424.0,1965.0
-247.0,-572.0,1999.0
-326.0,-291.0,1861.0
-550.0,-332.0,1398.0
-872.0,-398.0,1062.0
-962.0,-361.0,695.0
-587.0,-694.0,906.0
299.0,-618.0,1008.0
1336.0,-356.0,1504.0
1649.0,-242.0,1719.0
1200.0,-117.0,1509.0
697.0,-207.0,1316.0
774.0,-2.0,910.0
439.0,-235.0,869.0
319.0,-51.0,369.0
145.0,-177.0,263.0
247.0,-127.0,142.0
80.0,-47.0,78.0
80.0,-189.0,767.0

-,-,-
718.0,190.0,783.0
869.0,108.0,895.0
1042.0,135.0,804.0
1138.0,139.0,785.0
988.0,86.0,795.0
863.0,55.0,800.0
644.0,26.0,888.0
517.0,36.0,941.0
192.0,-1.0,1068.0
131.0,22.0,1022.0
-204.0,67.0,740.0
-607.0,86.0,719.0
-702.0,8.0,604.0
-744.0,-42.0,451.0
-420.0,45.0,491.0
-179.0,-9.0,417.0
-250.0,-14.0,212.0
103.0,-7.0,249.0
20.0,-57.0,380.0
105.0,122.0,110.0
623.0,-144.0,907.0
500.0,166.0,963.0
609.0,-351.0,1999.0
-407.0,-887.0,1999.0
-845.0,-744.0,1999.0
-709.0,-518.0,1932.0
-603.0,-299.0,1358.0
-255.0,-324.0,1177.0
470.0,-404.0,1467.0
1043.0,-128.0,1567.0
750.0,-289.0,1636.0
632.0,-62.0,1253.0
799.0,43.0,984.0
436.0,-118.0,777.0
269.0,-33.0,190.0
107.0,-158.0,218.0
153.0,-110.0,211.0
36.0,-8.0,389.0
38.0,-132.0,506.0

-,-,-
685.0,332.0,813.0
706.0,286.0,865.0
926.0,389.0,734.0
942.0,336.0,816.0
965.0,333.0,823.0
838.0,323.0,773.0
679.0,175.0,980.0
391.0,286.0,748.0
-146.0,136.0,769.0
-361.0,174.0,683.0
-742.0,10.0,680.0
-486.0,-111.0,782.0
-208.0,10.0,326.0
-48.0,-27.0,400.0
201.0,295.0,55.0
366.0,87.0,562.0
98.0,485.0,206.0
-326.0,8.0,540.0
-368.0,81.0,1193.0
-382.0,-63.0,1414.0
-146.0,-256.0,1999.0
306.0,2.0,1999.0
-59.0,-349.0,1999.0
-605.0,-445.0,1962.0
-713.0,-357.0,1321.0
-355.0,-497.0,1048.0
579.0,-377.0,866.0
1941.0,-247.0,1304.0
1999.0,55.0,1286.0
1600.0,304.0,993.0
642.0,-135.0,939.0
33.0,-201.0,462.0
-307.0,-215.0,235.0
-137.0,-106.0,143.0
31.0,63.0,24.0
114.0,47.0,472.0
500.0,279.0,595.0

-,-,-
398.0,313.0,748.0
465.0,326.0,663.0
682.0,305.0,761.0
1147.0,283.0,989.0
1160.0,259.0,981.0
1063.0,159.0,1088.0
874.0,236.0,1027.0
418.0,28.0,1216.0
-70.0,86.0,875.0
-719.0,61.0,608.0
-711.0,87.0,607.0
-494.0,28.0,573.0
-260.0,117.0,412.0
-202.0,62.0,266.0
-65.0,78.0,177.0
-4.0,94.0,199.0
108.0,247.0,151.0
-7.0,180.0,389.0
42.0,346.0,816.0
-149.0,59.0,1294.0
-135.0,-392.0,1999.0
-545.0,-497.0,1999.0
-677.0,-531.0,1999.0
-657.0,-328.0,1638.0
-780.0,-335.0,1166.0
-408.0,-551.0,878.0
195.0,-750.0,854.0
1401.0,-549.0,1089.0
1999.0,-151.0,1298.0
1978.0,-133.0,1470.0
1288.0,-104.0,1186.0
586.0,-265.0,949.0
240.0,-240.0,782.0
232.0,-74.0,432.0
9.0,-111.0,326.0
63.0,-46.0,176.0
79.0,-186.0,401.0
149.0,-17.0,497.0
258.0,142.0,528.0

-,-,-
113.0,346.0,765.0
612.0,221.0,775.0
1005.0,244.0,881.0
1179.0,222.0,848.0
1256.0,305.0,739.0
1155.0,186.0,803.0
955.0,125.0,773.0
640.0,29.0,928.0
529.0,154.0,770.0
393.0,-19.0,1035.0
-31.0,-222.0,1124.0
-583.0,-26.0,587.0
-906.0,1.0,515.0
-739.0,14.0,439.0
-486.0,-233.0,574.0
-192.0,51.0,150.0
-68.0,-83.0,177.0
203.0,204.0,65.0
548.0,178.0,378.0
288.0,280.0,812.0
372.0,210.0,822.0
-151.0,-858.0,1999.0
-680.0,-915.0,1890.0
-648.0,-805.0,1834.0
-313.0,-576.0,1319.0
356.0,-616.0,1258.0
755.0,-699.0,1405.0
1314.0,-588.0,1553.0
1545.0,-492.0,1531.0
1403.0,-360.0,1321.0
1127.0,-302.0,1177.0
686.0,-161.0,814.0
458.0,-138.0,469.0
109.0,0.0,16.0
-72.0,-44.0,-119.0
52.0,-161.0,197.0
210.0,-9.0,358.0
267.0,15.0,672.0

-,-,-
690.0,266.0,755.0
914.0,104.0,876.0
1203.0,204.0,884.0
1234.0,276.0,775.0
1198.0,230.0,910.0
1105.0,310.0,822.0
741.0,170.0,888.0
370.0,134.0,734.0
-198.0,-122.0,812.0
-616.0,-43.0,641.0
-813.0,-7.0,532.0
-708.0,-28.0,616.0
-497.0,-12.0,468.0
-369.0,-136.0,342.0
-314.0,-189.0,192.0
-62.0,-94.0,83.0
-22.0,130.0,3.0
443.0,140.0,577.0
326.0,404.0,809.0
-13.0,-145.0,1507.0
-373.0,-569.0,1999.0
-764.0,-624.0,1733.0
-158.0,-527.0,1676.0
235.0,-416.0,1381.0
714.0,-417.0,1438.0
1440.0,-281.0,1607.0
1513.0,-275.0,1878.0
979.0,-503.0,1837.0
731.0,-443.0,1642.0
961.0,-285.0,1085.0
958.0,-337.0,764.0
112.0,-267.0,826.0

-,-,-
338.0,461.0,864.0
255.0,435.0,785.0
400.0,398.0,1035.0
318.0,353.0,1005.0
460.0,483.0,846.0
448.0,417.0,901.0
718.0,409.0,973.0
608.0,265.0,931.0
44.0,166.0,518.0
-300.0,0.0,317.0
-220.0,153.0,265.0
-88.0,5.0,584.0
-278.0,103.0,375.0
-589.0,-79.0,9.0
-1008.0,-84.0,19.0
-799.0,125.0,-336.0
-745.0,-296.0,364.0
434.0,-543.0,1934.0
914.0,-535.0,1999.0
361.0,-402.0,1999.0
532.0,-287.0,1999.0
257.0,-306.0,1999.0
-196.0,-405.0,1777.0
-154.0,-378.0,1531.0
589.0,-356.0,1530.0
1389.0,-179.0,1443.0
1474.0,-99.0,1241.0
965.0,-74.0,558.0
110.0,-233.0,63.0
-251.0,-294.0,0.0
46.0,-145.0,208.0

-,-,-
774.0,285.0,737.0
1178.0,210.0,915.0
1251.0,351.0,791.0
1063.0,118.0,1118.0
1186.0,239.0,875.0
916.0,146.0,889.0
395.0,111.0,712.0
-201.0,91.0,489.0
-597.0,-19.0,579.0
-682.0,15.0,615.0
-594.0,-180.0,787.0
-325.0,4.0,336.0
-248.0,-80.0,206.0
-193.0,111.0,1.0
-349.0,-9.0,14.0
-360.0,310.0,161.0
-265.0,291.0,467.0
-187.0,-25.0,1491.0
-309.0,-157.0,1260.0
-663.0,-420.0,1486.0
-853.0,-757.0,1270.0
10.0,-1053.0,1999.0
529.0,-930.0,1999.0
668.0,-710.0,1999.0
501.0,-610.0,1999.0
280.0,-669.0,1679.0
353.0,-530.0,1398.0
412.0,-278.0,1246.0
403.0,-240.0,966.0
544.0,-115.0,673.0
490.0,44.0,68.0
237.0,-53.0,-167.0
190.0,-249.0,98.0
627.0,-195.0,336.0
1156.0,-245.0,944.0

-,-,-
1737.0,-82.0,889.0
1933.0,193.0,639.0
1935.0,73.0,774.0
1639.0,129.0,570.0
1344.0,112.0,654.0
1237.0,30.0,734.0
963.0,-49.0,875.0
309.0,-80.0,792.0
-173.0,-103.0,683.0
-1064.0,-185.0,347.0
-1535.0,-87.0,279.0
-1102.0,-27.0,475.0
-524.0,-229.0,697.0
-78.0,-89.0,174.0
214.0,151.0,-103.0
603.0,244.0,46.0
307.0,753.0,160.0
214.0,399.0,645.0
-375.0,-176.0,1283.0
-602.0,-313.0,1485.0
-476.0,-441.0,1797.0
-244.0,-255.0,1743.0
-97.0,-126.0,1629.0
-223.0,-339.0,1666.0
-425.0,-374.0,1491.0
-891.0,-613.0,1251.0
-879.0,-627.0,757.0
-65.0,-533.0,675.0
1006.0,-437.0,1064.0
1999.0,-239.0,1832.0
1999.0,-296.0,1999.0
906.0,-768.0,1999.0
388.0,-445.0,1024.0
-6.0,-300.0,477.0
-120.0,-30.0,-156.0
-24.0,-67.0,-139.0
173.0,-129.0,65.0
157.0,17.0,175.0
225.0,-2.0,651.0
416.0,166.0,675.0

-,-,-
141.0,-16.0,987.0
430.0,20.0,883.0
971.0,85.0,939.0
1306.0,136.0,767.0
1352.0,222.0,657.0
1140.0,205.0,605.0
971.0,159.0,753.0
840.0,196.0,840.0
728.0,-148.0,1190.0
133.0,-260.0,972.0
-554.0,-250.0,616.0
-947.0,-157.0,430.0
-930.0,-62.0,599.0
-634.0,-130.0,797.0
-559.0,-377.0,777.0
-583.0,-459.0,440.0
-203.0,-188.0,47.0
276.0,-212.0,422.0
374.0,472.0,139.0
540.0,330.0,952.0
287.0,553.0,1024.0
-58.0,-210.0,1565.0
165.0,-299.0,1771.0
222.0,-299.0,1596.0
635.0,-458.0,1632.0
858.0,-410.0,1632.0
989.0,-701.0,1989.0
849.0,-904.0,1999.0
583.0,-776.0,1999.0
204.0,-465.0,1331.0
-8.0,-170.0,740.0
-210.0,-118.0,229.0
81.0,171.0,-244.0
304.0,235.0,-392.0
409.0,-55.0,203.0
658.0,51.0,540.0
621.0,67.0,810.0
738.0,3.0,857.0
903.0,119.0,698.0
1123.0,224.0,512.0
1643.0,56.0,982.0
1452.0,125.0,798.0
218.0,-290.0,650.0
-1041.0,-326.0,485.0
-1224.0,-310.0,996.0
-714.0,-87.0,1272.0

-,-,-
985.0,232.0,679.0
1064.0,272.0,619.0
1234.0,323.0,481.0
1338.0,264.0,665.0
1357.0,171.0,787.0
1072.0,183.0,831.0
262.0,-32.0,769.0
-334.0,-269.0,908.0
-879.0,-351.0,712.0
-1127.0,-181.0,302.0
-898.0,-26.0,20.0
-366.0,-123.0,169.0
45.0,-236.0,499.0
101.0,257.0,73.0
221.0,313.0,371.0
273.0,169.0,851.0
-125.0,118.0,938.0
-414.0,-595.0,1864.0
-767.0,-1047.0,1999.0
-792.0,-609.0,1804.0
-727.0,-644.0,1774.0
-762.0,-680.0,1602.0
-598.0,-796.0,1392.0
-261.0,-785.0,1036.0
441.0,-751.0,1052.0
1806.0,-506.0,1605.0
1797.0,-264.0,1363.0
1806.0,44.0,1218.0
937.0,-94.0,702.0
270.0,-302.0,311.0
-208.0,-531.0,230.0
-158.0,-320.0,78.0
-152.0,-267.0,229.0
270.0,-59.0,464.0
533.0,155.0,543.0
281.0,91.0,702.0
141.0,228.0,724.0
99.0,172.0,915.0
121.0,93.0,1176.0

-,-,-
1003.0,225.0,691.0
1258.0,238.0,686.0
1415.0,187.0,864.0
1535.0,78.0,1171.0
1089.0,-30.0,1061.0
79.0,-251.0,774.0
-638.0,-242.0,548.0
-957.0,-204.0,454.0
-768.0,-216.0,574.0
-508.0,-170.0,243.0
-248.0,-8.0,10.0
95.0,56.0,-100.0
-2.0,137.0,10.0
453.0,263.0,307.0
135.0,-269.0,920.0
-197.0,-330.0,1221.0
-451.0,-1064.0,1999.0
-693.0,-979.0,1999.0
-391.0,-816.0,1999.0
-634.0,-711.0,1794.0
-443.0,-766.0,1294.0
-8.0,-872.0,1166.0
535.0,-783.0,854.0
1142.0,-542.0,750.0
1943.0,-267.0,1045.0
1729.0,-109.0,1133.0
1401.0,-83.0,1100.0
843.0,-324.0,974.0
364.0,-636.0,808.0
42.0,-544.0,376.0
-140.0,-294.0,-27.0
56.0,-216.0,173.0
701.0,216.0,203.0
845.0,190.0,431.0
940.0,80.0,738.0
662.0,143.0,694.0
162.0,-26.0,935.0
-165.0,-23.0,936.0
-666.0,107.0,721.0
-576.0,208.0,763.0
-272.0,183.0,1035.0
-56.0,163.0,1086.0

-,-,-
1464.0,312.0,576.0
1771.0,362.0,777.0
1508.0,92.0,823.0
1086.0,-114.0,945.0
764.0,108.0,701.0
208.0,-216.0,690.0
-236.0,-278.0,478.0
-864.0,-416.0,555.0
-924.0,-342.0,630.0
-580.0,-204.0,413.0
-363.0,-312.0,356.0
-147.0,-136.0,283.0
117.0,116.0,78.0
381.0,734.0,-95.0
592.0,617.0,12.0
-7.0,-537.0,1033.0
-1294.0,-1760.0,1996.0
-1074.0,-1365.0,1999.0
-659.0,-1053.0,1794.0
-312.0,-997.0,1626.0
99.0,-939.0,1375.0
595.0,-1056.0,1434.0
1000.0,-818.0,1270.0
1529.0,-722.0,1458.0
1351.0,-354.0,1201.0
997.0,-302.0,945.0
888.0,-510.0,1119.0
687.0,-536.0,904.0
484.0,-709.0,892.0
749.0,-574.0,516.0
1011.0,3.0,-109.0
958.0,14.0,-33.0
527.0,-1.0,58.0
301.0,21.0,311.0
-72.0,-220.0,771.0
-487.0,33.0,475.0
-624.0,126.0,507.0
-504.0,201.0,739.0

-,-,-
1168.0,337.0,633.0
1371.0,363.0,752.0
1323.0,325.0,640.0
1458.0,300.0,634.0
1999.0,438.0,913.0
1783.0,286.0,813.0
376.0,-611.0,956.0
-1165.0,-835.0,470.0
-1512.0,-332.0,448.0
-1166.0,-427.0,1075.0
-889.0,-243.0,812.0
-611.0,-365.0,766.0
-208.0,-212.0,290.0
-43.0,-159.0,301.0
-122.0,130.0,-12.0
143.0,-67.0,517.0
336.0,196.0,553.0
689.0,-19.0,1001.0
99.0,-249.0,990.0
254.0,-494.0,1402.0
72.0,-899.0,1999.0
-44.0,-1131.0,1999.0
-8.0,-1119.0,1999.0
79.0,-834.0,1859.0
-224.0,-675.0,1529.0
-368.0,-728.0,1133.0
-219.0,-450.0,622.0
62.0,-515.0,347.0
1106.0,-96.0,156.0
1817.0,359.0,144.0
1855.0,-73.0,800.0
1852.0,61.0,1185.0
1247.0,-252.0,1235.0
477.0,-503.0,846.0
-275.0,-371.0,-62.0
-616.0,-221.0,-59.0
-311.0,-244.0,513.0
-203.0,0.0,711.0
-98.0,-94.0,917.0

-,-,-
402.0,240.0,787.0
491.0,141.0,854.0
657.0,205.0,892.0
903.0,167.0,975.0
1042.0,232.0,869.0
830.0,141.0,963.0
506.0,83.0,1048.0
221.0,68.0,926.0
-199.0,-80.0,802.0
-415.0,-10.0,655.0
-604.0,-68.0,794.0
-568.0,0.0,868.0
-411.0,39.0,851.0
-342.0,-71.0,870.0
-429.0,-300.0,685.0
-407.0,-326.0,398.0
-41.0,-243.0,457.0
129.0,233.0,78.0
140.0,128.0,329.0
203.0,515.0,291.0
408.0,-52.0,1238.0
338.0,-20.0,1769.0
272.0,-453.0,1999.0
-20.0,-232.0,1955.0
-416.0,-291.0,1862.0
-734.0,-348.0,1705.0
-1316.0,-143.0,854.0
-645.0,-85.0,712.0
-41.0,-538.0,821.0
924.0,-401.0,887.0
1567.0,-255.0,966.0
1577.0,-172.0,1024.0
1329.0,19.0,1267.0
1042.0,-134.0,1462.0
767.0,-194.0,1476.0
289.0,-305.0,878.0
214.0,-307.0,615.0
202.0,-243.0,385.0
-4.0,-198.0,281.0
-25.0,40.0,227.0
9.0,139.0,465.0
93.0,-5.0,750.0

-,-,-
1210.0,295.0,563.0
1140.0,91.0,808.0
1077.0,100.0,717.0
845.0,87.0,739.0
474.0,-97.0,1129.0
40.0,-161.0,1253.0
-331.0,-270.0,1144.0
-880.0,-25.0,622.0
-930.0,-211.0,846.0
-811.0,-166.0,744.0
-539.0,-111.0,395.0
-192.0,-182.0,399.0
-11.0,18.0,217.0
140.0,171.0,35.0
229.0,160.0,470.0
279.0,168.0,373.0
336.0,-180.0,1211.0
110.0,-56.0,1187.0
69.0,-754.0,1999.0
-62.0,-511.0,1844.0
-240.0,-695.0,1809.0
82.0,-548.0,1675.0
202.0,-563.0,1499.0
573.0,-460.0,1608.0
965.0,-491.0,1994.0
1097.0,-589.0,1934.0
638.0,-418.0,1315.0
379.0,-316.0,806.0
483.0,-147.0,580.0
337.0,-182.0,470.0
312.0,-22.0,280.0
-228.0,-144.0,102.0

-,-,-
1259.0,173.0,964.0
1267.0,180.0,796.0
1282.0,147.0,793.0
1132.0,104.0,848.0
670.0,-129.0,1022.0
81.0,-297.0,943.0
-469.0,-265.0,744.0
-763.0,-144.0,552.0
-824.0,-223.0,816.0
-755.0,-188.0,755.0
-747.0,-587.0,737.0
-441.0,-554.0,183.0
-95.0,-188.0,4.0
628.0,509.0,-21.0
474.0,869.0,133.0
358.0,149.0,830.0
-67.0,-308.0,1491.0
-639.0,-882.0,1999.0
51.0,-749.0,1804.0
432.0,-713.0,1659.0
1006.0,-492.0,1527.0
1593.0,-620.0,1861.0
1894.0,-625.0,1960.0
1429.0,-555.0,1539.0
956.0,-490.0,893.0
798.0,-395.0,629.0
934.0,-49.0,307.0
553.0,-332.0,497.0
109.0,-177.0,86.0
-419.0,-324.0,-49.0
-308.0,-128.0,143.0
78.0,79.0,300.0

-,-,-
110.0,112.0,1072.0
376.0,200.0,824.0
304.0,95.0,790.0
541.0,243.0,790.0
960.0,188.0,1245.0
1301.0,172.0,1653.0
827.0,123.0,1293.0
170.0,-7.0,867.0
-380.0,-86.0,487.0
-707.0,-99.0,326.0
-766.0,-252.0,467.0
-882.0,-460.0,580.0
-865.0,-518.0,242.0
-405.0,-485.0,162.0
53.0,81.0,-2.0
308.0,562.0,25.0
504.0,485.0,601.0
349.0,428.0,1094.0
251.0,-182.0,1400.0
-1205.0,-1196.0,1999.0
-1148.0,-913.0,1733.0
-987.0,-749.0,1370.0
-745.0,-826.0,1013.0
32.0,-834.0,889.0
878.0,-770.0,891.0
1796.0,-620.0,1518.0
1929.0,-303.0,1414.0
934.0,-458.0,822.0
-229.0,-439.0,317.0
-300.0,-164.0,451.0
621.0,-323.0,1697.0
1141.0,44.0,1887.0
536.0,-488.0,1621.0
281.0,-286.0,1008.0
-87.0,-148.0,404.0
-117.0,-338.0,560.0
91.0,-120.0,420.0
-2.0,-59.0,299.0
-28.0,-33.0,422.0
114.0,215.0,545.0

-,-,-
879.0,96.0,923.0
1104.0,164.0,984.0
1237.0,54.0,1147.0
1187.0,147.0,1033.0
1202.0,131.0,1200.0
1084.0,207.0,993.0
201.0,-253.0,829.0
-808.0,-488.0,501.0
-1315.0,-228.0,355.0
-960.0,-217.0,793.0
-486.0,-45.0,759.0
-281.0,-206.0,779.0
-139.0,-286.0,470.0
29.0,26.0,-28.0
245.0,-26.0,-2.0
197.0,82.0,126.0
69.0,441.0,-65.0
119.0,143.0,1001.0
336.0,-272.0,1938.0
-55.0,-851.0,1999.0
-563.0,-1253.0,1999.0
-900.0,-870.0,1534.0
-781.0,-815.0,1040.0
40.0,-783.0,695.0
1167.0,-607.0,913.0
1999.0,-335.0,1853.0
1999.0,51.0,1805.0
1363.0,-70.0,1404.0
132.0,-152.0,686.0
86.0,-210.0,313.0
-140.0,-635.0,423.0
-278.0,-419.0,-207.0

-,-,-
462.0,344.0,1085.0
845.0,-63.0,947.0
1158.0,18.0,1053.0
1405.0,141.0,1107.0
1064.0,-187.0,1307.0
586.0,-53.0,1054.0
-19.0,-281.0,990.0
-361.0,-324.0,733.0
-960.0,21.0,153.0
-987.0,-304.0,689.0
-934.0,-120.0,607.0
-679.0,-95.0,521.0
-514.0,-429.0,605.0
-203.0,-374.0,196.0
56.0,6.0,-133.0
255.0,-194.0,349.0
129.0,653.0,-131.0
582.0,429.0,569.0
408.0,237.0,1164.0
86.0,-486.0,1560.0
-791.0,-1391.0,1999.0
-1193.0,-1331.0,1979.0
-675.0,-1006.0,1650.0
-117.0,-804.0,1246.0
657.0,-752.0,1363.0
1999.0,-620.0,1999.0
1999.0,-439.0,1999.0
1223.0,-512.0,1525.0
517.0,-413.0,787.0
201.0,-244.0,-182.0

-,-,-
659.0,140.0,748.0
1030.0,87.0,939.0
1492.0,-1.0,1163.0
1382.0,104.0,913.0
865.0,-53.0,808.0
311.0,-31.0,737.0
-134.0,-285.0,1028.0
-758.0,-104.0,699.0
-1050.0,4.0,551.0
-746.0,0.0,854.0
-539.0,96.0,749.0
-392.0,-93.0,859.0
-163.0,-74.0,619.0
-61.0,-200.0,502.0
50.0,-125.0,230.0
161.0,72.0,246.0
40.0,362.0,-49.0
150.0,141.0,494.0
144.0,518.0,515.0
481.0,69.0,1389.0
145.0,-35.0,1781.0
213.0,-455.0,1999.0
-236.0,-456.0,1897.0
-510.0,-627.0,1667.0
-578.0,-536.0,1356.0
-723.0,-516.0,1265.0
-860.0,-535.0,928.0
-380.0,-384.0,712.0
472.0,-453.0,770.0
1345.0,-390.0,912.0
1430.0,-388.0,1124.0
1038.0,-308.0,1146.0
783.0,-271.0,1667.0
804.0,-187.0,1999.0
508.0,-545.0,1736.0
117.0,-447.0,768.0
-300.0,-218.0,13.0
-36.0,-131.0,24.0
83.0,-91.0,225.0
146.0,-85.0,514.0
288.0,173.0,529.0
262.0,6.0,767.0
245.0,144.0,747.0

-,-,-
105.0,33.0,1999.0
531.0,123.0,847.0
768.0,135.0,811.0
872.0,152.0,806.0
921.0,153.0,840.0
983.0,198.0,819.0
852.0,143.0,952.0
580.0,38.0,1017.0
227.0,-87.0,1176.0
-162.0,36.0,854.0
-455.0,137.0,623.0
-571.0,85.0,770.0
-550.0,71.0,943.0
-539.0,35.0,974.0
-470.0,42.0,915.0
-339.0,-62.0,877.0
-181.0,-91.0,652.0
-32.0,-154.0,432.0
166.0,16.0,310.0
253.0,68.0,266.0
50.0,186.0,342.0
300.0,213.0,533.0
196.0,103.0,1017.0
236.0,-50.0,1549.0
76.0,-76.0,1589.0
-286.0,-289.0,1687.0
-512.0,-283.0,1277.0
-629.0,-545.0,1629.0
-833.0,-564.0,1265.0
-1166.0,-401.0,721.0
-975.0,-584.0,593.0
-27.0,-576.0,566.0
934.0,-559.0,1044.0
1710.0,-173.0,1368.0
1999.0,-181.0,1999.0
1590.0,-47.0,1763.0
579.0,-354.0,1289.0
356.0,-271.0,866.0
166.0,-157.0,474.0
15.0,-103.0,48.0
6.0,-263.0,304.0

-,-,-
638.0,170.0,828.0
821.0,12.0,1063.0
1065.0,158.0,973.0
1109.0,-83.0,1293.0
1038.0,153.0,977.0
714.0,173.0,784.0
345.0,118.0,870.0
-47.0,2.0,816.0
-594.0,-149.0,708.0
-797.0,-104.0,739.0
-707.0,40.0,729.0
-568.0,-23.0,847.0
-533.0,-63.0,847.0
-512.0,-122.0,793.0
-616.0,-408.0,692.0
-386.0,-479.0,379.0
-4.0,-24.0,-95.0
438.0,49.0,255.0
559.0,925.0,180.0
516.0,468.0,750.0
76.0,462.0,853.0
-283.0,-107.0,1226.0
-539.0,-125.0,1660.0
-672.0,-355.0,1771.0
-1026.0,-585.0,1954.0
-615.0,-409.0,1733.0
-653.0,-500.0,1573.0
-587.0,-366.0,1046.0
-393.0,-479.0,902.0
369.0,-398.0,810.0
967.0,-243.0,788.0
1273.0,-25.0,1027.0
834.0,80.0,1041.0
526.0,-28.0,1603.0
884.0,-42.0,1999.0
628.0,9.0,1706.0
184.0,-123.0,925.0
146.0,77.0,176.0
-120.0,-159.0,-57.0
-40.0,-242.0,145.0
103.0,-154.0,258.0

-,-,-
713.0,-19.0,1014.0
827.0,126.0,827.0
914.0,-15.0,1062.0
1090.0,143.0,974.0
810.0,37.0,1065.0
471.0,-113.0,1126.0
235.0,-35.0,1074.0
-148.0,-9.0,902.0
-434.0,-9.0,691.0
-782.0,-13.0,479.0
-878.0,-107.0,580.0
-826.0,-132.0,614.0
-707.0,-311.0,651.0
-388.0,-212.0,331.0
-104.0,-116.0,163.0
166.0,-35.0,104.0
97.0,375.0,206.0
366.0,519.0,281.0
203.0,337.0,934.0
13.0,323.0,1070.0
-281.0,-472.0,1603.0
-570.0,-509.0,1999.0
-578.0,-581.0,1942.0
-731.0,-628.0,1754.0
-865.0,-679.0,1545.0
-1083.0,-621.0,930.0
-646.0,-563.0,636.0
229.0,-548.0,638.0
1086.0,-554.0,1152.0
1414.0,-200.0,1141.0
1358.0,-139.0,1437.0
1262.0,-13.0,1832.0
621.0,-49.0,1748.0
437.0,-515.0,1520.0
-15.0,-332.0,547.0
-331.0,-199.0,-67.0
-144.0,-59.0,-70.0
177.0,-93.0,380.0
383.0,-59.0,801.0

-,-,-
350.0,-35.0,448.0
305.0,-206.0,1041.0
557.0,60.0,731.0
746.0,-64.0,1197.0
1290.0,145.0,1350.0
1043.0,133.0,1388.0
533.0,205.0,963.0
-280.0,100.0,551.0
-1092.0,-150.0,492.0
-1233.0,43.0,268.0
-930.0,-199.0,868.0
-401.0,-51.0,665.0
-24.0,-35.0,437.0
144.0,49.0,133.0
259.0,-75.0,223.0
354.0,61.0,-18.0
132.0,54.0,145.0
-74.0,294.0,521.0
-980.0,-558.0,1778.0
-1215.0,-786.0,1999.0
-1468.0,-758.0,1999.0
-1331.0,-443.0,1537.0
-1605.0,-521.0,1041.0
-1307.0,-423.0,532.0
-271.0,-543.0,740.0
524.0,-789.0,1080.0
1755.0,-293.0,1602.0
1999.0,-23.0,1999.0
1283.0,175.0,1957.0
120.0,-391.0,1835.0
196.0,-445.0,1172.0
-157.0,-580.0,479.0
-473.0,-226.0,-453.0
87.0,77.0,-361.0
96.0,16.0,115.0

-,-,-
383.0,71.0,843.0
605.0,344.0,467.0
648.0,150.0,680.0
945.0,34.0,889.0
1517.0,396.0,963.0
1563.0,86.0,1547.0
920.0,206.0,1001.0
-251.0,-86.0,785.0
-728.0,-183.0,687.0
-1404.0,-50.0,104.0
-1155.0,-162.0,470.0
-667.0,-280.0,772.0
-393.0,-279.0,599.0
-53.0,-136.0,232.0
89.0,-157.0,278.0
161.0,156.0,80.0
316.0,319.0,513.0
113.0,431.0,500.0
-317.0,-171.0,1369.0
-678.0,-3.0,1218.0
-808.0,-91.0,1481.0
-636.0,-103.0,1629.0
-594.0,-746.0,1999.0
-151.0,-480.0,1999.0
-694.0,-825.0,1999.0
-1087.0,-664.0,1193.0
-1284.0,-562.0,506.0
-116.0,-477.0,719.0
1937.0,-52.0,1999.0
1609.0,-16.0,1859.0
568.0,61.0,587.0
75.0,64.0,-30.0
156.0,-15.0,-64.0

-,-,-
748.0,-31.0,1045.0
1118.0,312.0,758.0
1262.0,468.0,495.0
1139.0,375.0,344.0
1131.0,281.0,461.0
1087.0,169.0,623.0
1225.0,190.0,1081.0
1151.0,177.0,1311.0
614.0,-452.0,1461.0
-366.0,-720.0,868.0
-1439.0,-599.0,273.0
-1341.0,-298.0,465.0
-981.0,-128.0,576.0
-582.0,-156.0,637.0
-249.0,-183.0,529.0
-34.0,-334.0,443.0
-85.0,-66.0,44.0
238.0,212.0,179.0
518.0,374.0,403.0
312.0,501.0,752.0
331.0,249.0,915.0
-802.0,-569.0,1669.0
-612.0,-743.0,1766.0
-592.0,-773.0,1986.0
-310.0,-506.0,1748.0
-321.0,-502.0,1686.0
-665.0,-570.0,1470.0
-1089.0,-523.0,1080.0
-1077.0,-652.0,927.0
-130.0,-694.0,745.0
1004.0,-367.0,806.0
1699.0,-255.0,1317.0
1885.0,6.0,1607.0
714.0,-200.0,1716.0
345.0,-273.0,1457.0
37.0,-278.0,913.0
-152.0,-122.0,119.0
-119.0,16.0,-355.0
26.0,-172.0,116.0
207.0,138.0,130.0
301.0,136.0,665.0

-,-,-
445.0,205.0,738.0
582.0,168.0,892.0
872.0,177.0,897.0
884.0,94.0,896.0
1148.0,166.0,976.0
1164.0,127.0,1170.0
1199.0,108.0,1198.0
557.0,-32.0,1130.0
-1.0,56.0,460.0
-760.0,-260.0,503.0
-1213.0,-263.0,460.0
-1207.0,-264.0,691.0
-762.0,-245.0,875.0
-545.0,-253.0,620.0
-231.0,-324.0,451.0
63.0,-256.0,286.0
-31.0,-2.0,10.0
376.0,194.0,196.0
64.0,612.0,358.0
206.0,431.0,1261.0
272.0,-20.0,1999.0
-66.0,-594.0,1999.0
-542.0,-477.0,1626.0
-954.0,-511.0,1160.0
-854.0,-481.0,792.0
240.0,-480.0,1342.0
1393.0,-508.0,1999.0
1856.0,-81.0,1999.0
710.0,-662.0,1999.0
232.0,-489.0,1097.0
260.0,-320.0,486.0
-57.0,-299.0,65.0
90.0,-58.0,-248.0
206.0,-53.0,45.0
161.0,-139.0,260.0
140.0,76.0,302.0
190.0,15.0,748.0
110.0,111.0,853.0

-,-,-
352.0,146.0,497.0
390.0,228.0,550.0
601.0,134.0,672.0
786.0,143.0,641.0
1019.0,125.0,846.0
1139.0,145.0,851.0
1102.0,182.0,773.0
1070.0,80.0,916.0
1027.0,57.0,1023.0
994.0,5.0,1283.0
632.0,-104.0,906.0
-394.0,-679.0,572.0
-1572.0,-681.0,385.0
-1668.0,-503.0,670.0
-1073.0,-258.0,789.0
-628.0,-215.0,620.0
-314.0,-322.0,395.0
-136.0,-132.0,83.0
193.0,-92.0,134.0
193.0,28.0,209.0
406.0,377.0,150.0
409.0,617.0,603.0
490.0,585.0,971.0
-62.0,-524.0,1999.0
-723.0,-1148.0,1999.0
-631.0,-722.0,1999.0
-569.0,-616.0,1629.0
-756.0,-511.0,1234.0
-910.0,-549.0,761.0
-412.0,-628.0,737.0
548.0,-788.0,1289.0
1180.0,-434.0,1245.0
1739.0,12.0,1204.0
1232.0,-251.0,1543.0
990.0,198.0,1226.0
973.0,51.0,1433.0
404.0,-468.0,953.0
-364.0,-521.0,111.0
-317.0,-316.0,-97.0
-427.0,-28.0,-122.0
100.0,37.0,347.0
641.0,259.0,833.0

-,-,-
604.0,-39.0,771.0
795.0,199.0,692.0
1121.0,63.0,952.0
1573.0,389.0,804.0
1550.0,413.0,760.0
1329.0,203.0,926.0
867.0,72.0,959.0
610.0,-15.0,985.0
416.0,-382.0,694.0
-757.0,-714.0,-191.0
-2000.0,-1040.0,671.0
-1388.0,-429.0,899.0
-503.0,-196.0,614.0
-381.0,-410.0,498.0
-47.0,-110.0,-28.0
132.0,-205.0,419.0
354.0,204.0,198.0
204.0,56.0,943.0
154.0,273.0,878.0
116.0,34.0,1677.0
504.0,-122.0,1542.0
-203.0,-370.0,1948.0
-135.0,-520.0,1638.0
163.0,-178.0,1213.0
411.0,68.0,1080.0
810.0,-97.0,1516.0
607.0,-246.0,1990.0
469.0,-480.0,1999.0
1217.0,-20.0,1999.0
1020.0,-162.0,1341.0
107.0,-266.0,14.0
-157.0,-126.0,-520.0
-129.0,-362.0,-100.0
204.0,-83.0,326.0
459.0,259.0,608.0
288.0,-85.0,1102.0

-,-,-
71.0,-8.0,997.0
258.0,289.0,465.0
823.0,270.0,779.0
1360.0,187.0,1025.0
1363.0,138.0,973.0
1300.0,127.0,840.0
1079.0,57.0,787.0
969.0,88.0,875.0
358.0,74.0,614.0
-780.0,-188.0,388.0
-1405.0,-370.0,619.0
-1278.0,-240.0,934.0
-592.0,-58.0,1178.0
-358.0,136.0,883.0
-284.0,-14.0,934.0
-172.0,-29.0,758.0
-252.0,-305.0,700.0
-167.0,-314.0,398.0
120.0,38.0,102.0
39.0,23.0,117.0
31.0,320.0,308.0
135.0,487.0,345.0
-73.0,-46.0,1282.0
-398.0,-166.0,1544.0
-682.0,-794.0,1999.0
-674.0,-526.0,1811.0
-554.0,-727.0,1766.0
0.0,-710.0,1605.0
754.0,-610.0,1925.0
1408.0,-368.0,1999.0
1201.0,-200.0,1977.0
653.0,-582.0,1575.0
128.0,-654.0,678.0
43.0,-590.0,299.0
-70.0,-304.0,-276.0
-62.0,-55.0,-300.0
-5.0,39.0,1.0
230.0,276.0,474.0

-,-,-
433.0,173.0,840.0
421.0,0.0,1032.0
577.0,-43.0,1020.0
677.0,50.0,888.0
903.0,222.0,905.0
970.0,141.0,903.0
971.0,200.0,1011.0
531.0,4.0,1009.0
-175.0,-403.0,891.0
-1069.0,-611.0,660.0
-1480.0,-470.0,587.0
-1158.0,-377.0,753.0
-596.0,-358.0,650.0
-326.0,-368.0,458.0
31.0,-269.0,206.0
229.0,-277.0,209.0
402.0,27.0,238.0
322.0,360.0,425.0
39.0,331.0,830.0
-451.0,383.0,918.0
-1274.0,-536.0,1740.0
-1143.0,-462.0,1867.0
-1310.0,-680.0,1803.0
-1130.0,-697.0,1436.0
-562.0,-661.0,1418.0
77.0,-918.0,1487.0
1515.0,-366.0,1999.0
1915.0,-68.0,1999.0
1260.0,112.0,1203.0
667.0,244.0,189.0
-168.0,-123.0,-285.0

-,-,-
568.0,218.0,523.0
976.0,328.0,723.0
1249.0,257.0,895.0
1298.0,279.0,926.0
1213.0,143.0,1133.0
784.0,167.0,1004.0
153.0,154.0,685.0
-141.0,130.0,633.0
-559.0,-165.0,532.0
-980.0,-417.0,623.0
-975.0,-294.0,686.0
-768.0,-380.0,979.0
-410.0,-150.0,792.0
-515.0,-358.0,621.0
-255.0,-405.0,364.0
3.0,-13.0,-30.0
-106.0,88.0,47.0
262.0,432.0,432.0
451.0,539.0,877.0
426.0,368.0,1171.0
-550.0,-391.0,1467.0
-1258.0,-1080.0,1625.0
-1407.0,-839.0,1259.0
-518.0,-758.0,1634.0
438.0,-463.0,1698.0
1161.0,-441.0,1999.0
1411.0,-270.0,1999.0
580.0,-782.0,1999.0
294.0,-766.0,1560.0
201.0,-460.0,961.0
400.0,-225.0,523.0
80.0,-202.0,105.0
-48.0,68.0,-385.0

-,-,-
764.0,175.0,683.0
937.0,-70.0,992.0
1196.0,77.0,773.0
1143.0,87.0,800.0
1066.0,-38.0,1001.0
1146.0,-137.0,1286.0
924.0,-24.0,1209.0
-20.0,-166.0,805.0
-950.0,-186.0,232.0
-1406.0,-359.0,454.0
-990.0,-312.0,836.0
-596.0,-298.0,830.0
-358.0,-244.0,537.0
-199.0,-85.0,210.0
114.0,1.0,310.0
78.0,90.0,242.0
167.0,256.0,459.0
102.0,315.0,820.0
134.0,9.0,1308.0
-291.0,-257.0,1710.0
-596.0,-501.0,1766.0
-970.0,-666.0,1987.0
-908.0,-625.0,1355.0
-1166.0,-677.0,1067.0
-1177.0,-699.0,802.0
-444.0,-512.0,606.0
537.0,-461.0,858.0
1299.0,-377.0,1427.0
1841.0,-60.0,1986.0
1163.0,-705.0,1999.0
393.0,-587.0,1778.0
282.0,-452.0,1160.0
177.0,-242.0,328.0
-208.0,-66.0,-197.0
92.0,-41.0,-147.0
-119.0,-239.0,67.0
96.0,-161.0,442.0

-,-,-
484.0,129.0,773.0
738.0,116.0,1064.0
849.0,166.0,1067.0
881.0,210.0,910.0
641.0,-103.0,1040.0
610.0,-124.0,934.0
427.0,-245.0,1059.0
385.0,-29.0,776.0
37.0,7.0,798.0
-175.0,-15.0,752.0
-736.0,-231.0,694.0
-1042.0,-385.0,723.0
-901.0,-238.0,449.0
-521.0,-306.0,441.0
-234.0,36.0,-27.0
-41.0,83.0,227.0
206.0,384.0,232.0
93.0,152.0,799.0
10.0,155.0,943.0
-543.0,-461.0,1437.0
-765.0,-739.0,1718.0
-867.0,-801.0,1901.0
-843.0,-927.0,1908.0
-644.0,-772.0,1442.0
-390.0,-924.0,1203.0
430.0,-824.0,1434.0
1313.0,-538.0,1955.0
1977.0,-220.0,1999.0
1313.0,-187.0,1531.0
238.0,-283.0,627.0
60.0,-518.0,413.0
-194.0,-486.0,216.0
-265.0,-245.0,-166.0

-,-,-
441.0,143.0,953.0
772.0,223.0,840.0
994.0,250.0,984.0
1095.0,263.0,880.0
1041.0,273.0,814.0
983.0,197.0,814.0
929.0,175.0,859.0
651.0,51.0,883.0
252.0,33.0,585.0
-393.0,-424.0,518.0
-1162.0,-753.0,729.0
-1104.0,-550.0,727.0
-586.0,-207.0,318.0
-332.0,-82.0,84.0
-73.0,-40.0,186.0
-77.0,251.0,22.0
115.0,-29.0,608.0
-48.0,15.0,901.0
-585.0,-514.0,1440.0
-579.0,-701.0,1999.0
-756.0,-1008.0,1999.0
-761.0,-891.0,1835.0
-514.0,-674.0,1237.0
7.0,-655.0,1099.0
639.0,-641.0,1146.0
1999.0,-387.0,1999.0
1999.0,103.0,1999.0
1308.0,-83.0,1582.0
405.0,-271.0,777.0
-285.0,-654.0,385.0
-353.0,-281.0,-347.0

-,-,-
1091.0,108.0,1356.0
1427.0,255.0,1228.0
941.0,53.0,912.0
582.0,-12.0,740.0
341.0,-108.0,678.0
133.0,-127.0,598.0
-237.0,-257.0,642.0
-396.0,-105.0,493.0
-648.0,-310.0,683.0
-652.0,-244.0,526.0
-657.0,-317.0,473.0
-458.0,-158.0,123.0
-127.0,134.0,132.0
231.0,414.0,301.0
233.0,154.0,714.0
62.0,-167.0,1344.0
-897.0,-927.0,1999.0
-739.0,-949.0,1999.0
-121.0,-578.0,1999.0
355.0,-646.0,1797.0
1709.0,-457.0,1999.0
1999.0,-44.0,1999.0
789.0,-809.0,1999.0
-666.0,-1270.0,1162.0
-437.0,-411.0,-92.0
193.0,22.0,-256.0

-,-,-
658.0,207.0,861.0
1068.0,273.0,1013.0
1285.0,395.0,924.0
1314.0,150.0,1217.0
826.0,165.0,933.0
432.0,-312.0,1193.0
-219.0,-292.0,229.0
-1368.0,-857.0,504.0
-1349.0,-578.0,691.0
-935.0,-298.0,497.0
-485.0,-395.0,438.0
80.0,-74.0,155.0
-20.0,-216.0,363.0
363.0,148.0,478.0
84.0,208.0,654.0
117.0,383.0,930.0
-289.0,86.0,1116.0
-382.0,-270.0,1607.0
-498.0,-199.0,1738.0
-878.0,-581.0,1933.0
-1086.0,-813.0,1893.0
-1065.0,-758.0,1437.0
-473.0,-756.0,1193.0
446.0,-419.0,945.0
1537.0,-120.0,1906.0
1463.0,262.0,1507.0
739.0,97.0,1397.0
465.0,-227.0,1168.0
413.0,-302.0,818.0
124.0,-294.0,246.0
-137.0,-200.0,-118.0
-406.0,-77.0,-345.0
-74.0,-53.0,270.0

-,-,-
484.0,136.0,839.0
746.0,216.0,816.0
1018.0,70.0,1075.0
1157.0,135.0,828.0
891.0,83.0,1022.0
862.0,193.0,944.0
531.0,-58.0,1060.0
28.0,-307.0,772.0
-884.0,-669.0,778.0
-1142.0,-347.0,531.0
-916.0,-370.0,699.0
-581.0,-406.0,667.0
-388.0,-105.0,70.0
-148.0,-287.0,332.0
-99.0,90.0,1.0
250.0,124.0,492.0
232.0,314.0,569.0
240.0,253.0,798.0
330.0,85.0,1433.0
43.0,-147.0,1687.0
-307.0,-669.0,1957.0
-440.0,-742.0,1854.0
-127.0,-632.0,1956.0
150.0,-698.0,1999.0
232.0,-583.0,1999.0
92.0,-543.0,1818.0
223.0,-320.0,1112.0
455.0,-132.0,814.0
425.0,-82.0,630.0
255.0,-224.0,620.0
411.0,-41.0,453.0

-,-,-
43.0,152.0,927.0
304.0,235.0,907.0
369.0,207.0,857.0
588.0,189.0,905.0
825.0,249.0,901.0
1045.0,156.0,1083.0
1369.0,321.0,1062.0
1355.0,267.0,947.0
811.0,-131.0,885.0
21.0,-340.0,528.0
-636.0,-774.0,627.0
-1320.0,-517.0,382.0
-1307.0,-392.0,572.0
-940.0,-495.0,615.0
-331.0,-130.0,108.0
40.0,-12.0,-44.0
253.0,-77.0,424.0
384.0,515.0,232.0
-156.0,89.0,429.0
-901.0,-699.0,721.0
-1363.0,-1317.0,1627.0
-693.0,-1202.0,1999.0
-187.0,-791.0,1938.0
313.0,-800.0,1729.0
612.0,-598.0,1378.0
1050.0,-574.0,1571.0
1422.0,-486.0,1916.0
1019.0,-705.0,1999.0
758.0,-708.0,1499.0
707.0,-250.0,814.0
615.0,-124.0,316.0
201.0,-118.0,-130.0
131.0,-88.0,-246.0
-28.0,-62.0,-145.0
16.0,-54.0,322.0
183.0,23.0,719.0

-,-,-
387.0,163.0,828.0
691.0,248.0,707.0
814.0,254.0,849.0
1148.0,194.0,1020.0
1361.0,262.0,955.0
1391.0,206.0,925.0
1162.0,86.0,877.0
668.0,-279.0,1008.0
164.0,-420.0,774.0
-558.0,-648.0,449.0
-1693.0,-565.0,177.0
-1258.0,-392.0,384.0
-659.0,-278.0,256.0
-198.0,-194.0,276.0
-90.0,48.0,99.0
201.0,102.0,314.0
-64.0,25.0,547.0
-167.0,-64.0,691.0
-693.0,-549.0,1315.0
-815.0,-851.0,1641.0
-726.0,-1035.0,1999.0
-233.0,-970.0,1828.0
196.0,-1062.0,1950.0
831.0,-872.0,1999.0
1188.0,-790.0,1999.0
1128.0,-380.0,1782.0
921.0,-419.0,1329.0
1007.0,-210.0,803.0
422.0,-308.0,48.0
45.0,-169.0,-438.0
-30.0,-183.0,-166.0
65.0,-98.0,119.0
-70.0,-113.0,439.0
198.0,73.0,762.0

-,-,-
