
-,-,-
-18.0,-54.0,960.0
-115.0,-85.0,980.0
-78.0,-100.0,1001.0
-146.0,-128.0,1001.0
-63.0,-97.0,1003.0
-74.0,-116.0,938.0
-69.0,-103.0,920.0
-2.0,-72.0,830.0
32.0,-80.0,777.0
73.0,-62.0,597.0
53.0,-57.0,503.0
107.0,-52.0,488.0
58.0,-104.0,511.0
176.0,-233.0,713.0
130.0,-338.0,724.0
123.0,-481.0,868.0
134.0,-620.0,1142.0
145.0,-600.0,1005.0
13.0,-660.0,1217.0
-89.0,-631.0,1126.0
-260.0,-654.0,965.0
-130.0,-716.0,1206.0
-182.0,-682.0,1070.0
-60.0,-618.0,1187.0
-22.0,-655.0,1324.0
37.0,-643.0,1433.0
88.0,-706.0,1561.0
72.0,-703.0,1457.0
-63.0,-710.0,1257.0
-36.0,-634.0,1087.0
-76.0,-559.0,1007.0
-115.0,-521.0,930.0
-166.0,-430.0,913.0
-112.0,-225.0,770.0
-143.0,-136.0,784.0
-81.0,-7.0,704.0
-108.0,124.0,657.0
-119.0,183.0,580.0
-134.0,271.0,496.0
-87.0,366.0,510.0
-249.0,372.0,250.0
-115.0,399.0,458.0
-26.0,386.0,534.0
47.0,352.0,691.0

-,-,-
13.0,33.0,608.0
89.0,14.0,832.0
15.0,-92.0,801.0
83.0,-82.0,673.0
127.0,-101.0,603.0
50.0,-121.0,599.0
-44.0,-281.0,665.0
36.0,-343.0,888.0
-27.0,-440.0,1110.0
-78.0,-597.0,1880.0
-98.0,-698.0,1387.0
-460.0,-914.0,1503.0
-353.0,-869.0,1517.0
-281.0,-779.0,1522.0
-232.0,-741.0,1560.0
-160.0,-671.0,1480.0
-166.0,-624.0,1338.0
-196.0,-541.0,1087.0
-115.0,-388.0,907.0
-107.0,-237.0,776.0
-251.0,-253.0,769.0
-146.0,-52.0,532.0
-214.0,23.0,537.0
-168.0,113.0,592.0
-149.0,226.0,597.0
-234.0,266.0,462.0
-232.0,296.0,380.0
-205.0,233.0,578.0

-,-,-
113.0,19.0,576.0
121.0,86.0,586.0
119.0,-45.0,676.0
4.0,-37.0,473.0
-71.0,-195.0,632.0
-159.0,-136.0,394.0
-85.0,-130.0,672.0
-139.0,-235.0,880.0
-48.0,-289.0,1251.0
25.0,-339.0,1667.0
-57.0,-581.0,1999.0
-232.0,-730.0,1999.0
-339.0,-698.0,1851.0
-254.0,-628.0,1703.0
-163.0,-523.0,1499.0
-116.0,-442.0,1360.0
-98.0,-351.0,1260.0
3.0,-160.0,955.0
-86.0,24.0,517.0
-246.0,56.0,303.0
-259.0,77.0,399.0
-150.0,140.0,387.0
-302.0,61.0,608.0
-131.0,236.0,506.0
-144.0,283.0,586.0
-175.0,282.0,616.0
-211.0,272.0,655.0

-,-,-
-74.0,-80.0,1009.0
53.0,-3.0,849.0
-6.0,-111.0,888.0
-5.0,-122.0,799.0
134.0,-50.0,660.0
0.0,-121.0,662.0
121.0,-39.0,496.0
85.0,0.0,488.0
188.0,-20.0,626.0
200.0,-77.0,825.0
249.0,-195.0,1153.0
23.0,-496.0,981.0
-145.0,-713.0,1873.0
-68.0,-698.0,1940.0
8.0,-692.0,1999.0
43.0,-680.0,1892.0
13.0,-585.0,1568.0
-56.0,-544.0,1457.0
-44.0,-492.0,1271.0
-39.0,-374.0,1035.0
-143.0,-197.0,664.0
-178.0,57.0,283.0
-49.0,193.0,329.0
-269.0,104.0,601.0
154.0,423.0,297.0
-24.0,263.0,537.0
-10.0,250.0,552.0
-116.0,204.0,556.0

-,-,-
87.0,-68.0,601.0
148.0,-38.0,720.0
167.0,65.0,672.0
118.0,-33.0,752.0
105.0,-54.0,678.0
41.0,-157.0,733.0
92.0,-88.0,693.0
154.0,-95.0,689.0
219.0,-210.0,979.0
311.0,-215.0,936.0
356.0,-311.0,1162.0
149.0,-356.0,1120.0
6.0,-588.0,1472.0
-94.0,-636.0,1544.0
-97.0,-732.0,1744.0
63.0,-681.0,1877.0
22.0,-608.0,1726.0
-104.0,-670.0,1683.0
-157.0,-613.0,1451.0
-170.0,-531.0,1259.0
-109.0,-419.0,1145.0
-67.0,-298.0,907.0
-94.0,-164.0,600.0
13.0,71.0,358.0
-100.0,79.0,406.0
41.0,307.0,302.0
207.0,342.0,468.0
76.0,237.0,538.0
-16.0,234.0,497.0
-155.0,169.0,601.0

-,-,-
118.0,-26.0,597.0
143.0,-56.0,650.0
157.0,-101.0,687.0
34.0,-185.0,668.0
30.0,-243.0,732.0
160.0,-197.0,881.0
214.0,-225.0,1103.0
157.0,-208.0,1427.0
18.0,-365.0,1608.0
77.0,-359.0,1526.0
-68.0,-604.0,1634.0
-143.0,-644.0,1672.0
12.0,-651.0,1869.0
49.0,-557.0,1731.0
69.0,-510.0,1562.0
21.0,-445.0,1291.0
-33.0,-349.0,1160.0
22.0,-209.0,928.0
-37.0,-74.0,677.0
-120.0,49.0,579.0
34.0,205.0,418.0
18.0,210.0,557.0
-9.0,241.0,567.0
17.0,294.0,484.0
-35.0,308.0,520.0
5.0,300.0,542.0
43.0,219.0,729.0

-,-,-
293.0,277.0,740.0
394.0,319.0,692.0
387.0,149.0,781.0
444.0,128.0,673.0
419.0,82.0,599.0
253.0,10.0,553.0
230.0,-29.0,539.0
41.0,-106.0,589.0
42.0,-203.0,763.0
-9.0,-267.0,1234.0
-36.0,-327.0,1243.0
-113.0,-438.0,1542.0
-124.0,-429.0,1717.0
-162.0,-479.0,1999.0
-93.0,-416.0,1999.0
-50.0,-382.0,1791.0
-49.0,-404.0,1517.0
-87.0,-357.0,1313.0
-39.0,-306.0,1200.0
-27.0,-212.0,1017.0
-15.0,-104.0,797.0
-1.0,22.0,708.0
34.0,133.0,695.0
90.0,241.0,681.0
-4.0,270.0,768.0
83.0,359.0,732.0
-48.0,307.0,758.0
-160.0,253.0,776.0
-260.0,226.0,682.0
-221.0,264.0,609.0
-296.0,230.0,589.0
-201.0,297.0,611.0
-148.0,375.0,628.0
-180.0,417.0,673.0
-145.0,442.0,778.0

-,-,-
125.0,96.0,491.0
43.0,22.0,579.0
97.0,85.0,493.0
89.0,14.0,557.0
84.0,-25.0,552.0
138.0,-68.0,535.0
31.0,-121.0,570.0
143.0,-171.0,638.0
281.0,-249.0,995.0
327.0,-255.0,1243.0
323.0,-306.0,1241.0
270.0,-419.0,1790.0
117.0,-642.0,1931.0
72.0,-702.0,1999.0
86.0,-592.0,1773.0
155.0,-505.0,1619.0
150.0,-470.0,1496.0
142.0,-395.0,1353.0
89.0,-347.0,1160.0
18.0,-250.0,975.0
-18.0,-61.0,660.0
-13.0,147.0,401.0
-27.0,160.0,497.0
13.0,194.0,444.0
-71.0,208.0,467.0
-85.0,207.0,494.0
-85.0,225.0,494.0
-116.0,252.0,510.0

-,-,-
228.0,175.0,636.0
307.0,194.0,698.0
238.0,88.0,744.0
344.0,52.0,793.0
305.0,7.0,811.0
347.0,-40.0,829.0
307.0,59.0,570.0
172.0,-114.0,799.0
169.0,-40.0,651.0
-6.0,-183.0,770.0
34.0,-195.0,912.0
-63.0,-160.0,902.0
-105.0,-229.0,1150.0
-231.0,-400.0,1317.0
-498.0,-555.0,1830.0
-384.0,-565.0,1883.0
-364.0,-645.0,1916.0
-356.0,-654.0,1685.0
-349.0,-639.0,1482.0
-173.0,-471.0,1308.0
-91.0,-342.0,1124.0
-49.0,-218.0,994.0
-47.0,-99.0,861.0
-90.0,-7.0,690.0
-138.0,35.0,709.0
-221.0,114.0,666.0
-237.0,223.0,555.0
-331.0,246.0,549.0
-362.0,274.0,584.0
-365.0,293.0,585.0
-370.0,311.0,598.0
-367.0,312.0,604.0
-362.0,328.0,480.0
-277.0,372.0,453.0

-,-,-
247.0,-8.0,712.0
181.0,-18.0,629.0
158.0,-220.0,896.0
133.0,-324.0,979.0
178.0,-355.0,1090.0
190.0,-347.0,1036.0
126.0,-401.0,1135.0
-12.0,-522.0,1255.0
-86.0,-589.0,1397.0
-121.0,-634.0,1678.0
-103.0,-634.0,1809.0
-14.0,-629.0,1888.0
46.0,-599.0,1723.0
53.0,-580.0,1568.0
49.0,-487.0,1309.0
40.0,-361.0,936.0
-10.0,-229.0,840.0
-79.0,-61.0,614.0
-69.0,90.0,411.0
-90.0,133.0,395.0
17.0,185.0,400.0
26.0,206.0,440.0
-22.0,157.0,520.0

-,-,-
128.0,37.0,810.0
225.0,51.0,769.0
183.0,-40.0,804.0
223.0,-36.0,731.0
236.0,-15.0,677.0
120.0,-55.0,712.0
135.0,36.0,716.0
53.0,-103.0,939.0
64.0,-25.0,1022.0
25.0,-161.0,1513.0
-35.0,-322.0,1999.0
-61.0,-388.0,1999.0
-172.0,-425.0,1999.0
-146.0,-297.0,1666.0
-60.0,-187.0,1299.0
17.0,-86.0,1106.0
-7.0,-34.0,1038.0
5.0,44.0,889.0
-73.0,100.0,712.0
-43.0,113.0,582.0
-161.0,132.0,504.0
-256.0,127.0,443.0
-267.0,169.0,494.0
-195.0,205.0,568.0
-197.0,245.0,604.0
-157.0,222.0,742.0
-113.0,286.0,799.0

-,-,-
183.0,189.0,577.0
168.0,209.0,475.0
222.0,73.0,565.0
254.0,40.0,542.0
264.0,-34.0,738.0
284.0,-116.0,892.0
273.0,-85.0,883.0
148.0,-134.0,928.0
40.0,-232.0,1140.0
-105.0,-283.0,1258.0
-257.0,-424.0,1320.0
-179.0,-458.0,1742.0
-9.0,-381.0,1824.0
-15.0,-406.0,1838.0
-89.0,-491.0,1765.0
-230.0,-511.0,1664.0
-236.0,-514.0,1611.0
-212.0,-364.0,1304.0
-174.0,-172.0,1049.0
-76.0,-48.0,734.0
-196.0,37.0,411.0
-103.0,68.0,432.0
-134.0,113.0,421.0
-121.0,168.0,547.0
-64.0,314.0,425.0
-117.0,307.0,482.0
-103.0,308.0,494.0
-163.0,304.0,582.0
-128.0,313.0,793.0

-,-,-
475.0,247.0,740.0
430.0,117.0,766.0
459.0,86.0,661.0
446.0,133.0,555.0
321.0,62.0,531.0
219.0,46.0,455.0
104.0,-44.0,376.0
-34.0,-174.0,532.0
221.0,-231.0,822.0
269.0,-240.0,984.0
272.0,-287.0,1126.0
-34.0,-361.0,1269.0
-283.0,-577.0,1191.0
-592.0,-685.0,1747.0
-549.0,-637.0,1830.0
-334.0,-591.0,1934.0
-161.0,-494.0,1775.0
-117.0,-444.0,1625.0
-68.0,-374.0,1506.0
-238.0,-269.0,1288.0
-216.0,-200.0,1094.0
-151.0,-62.0,679.0
-124.0,41.0,388.0
-297.0,-21.0,397.0
-260.0,151.0,236.0
-291.0,145.0,185.0
-104.0,206.0,243.0

-,-,-
201.0,-159.0,847.0
116.0,-208.0,876.0
88.0,-78.0,636.0
75.0,-101.0,644.0
130.0,-58.0,601.0
97.0,-122.0,726.0
94.0,-103.0,750.0
-6.0,-366.0,1399.0
-142.0,-518.0,1553.0
-161.0,-536.0,1720.0
-197.0,-690.0,1958.0
-252.0,-774.0,1975.0
-305.0,-767.0,1817.0
-303.0,-654.0,1553.0
-247.0,-505.0,1315.0
-283.0,-344.0,1062.0
-226.0,-170.0,938.0
-124.0,28.0,760.0
-107.0,168.0,612.0
-15.0,254.0,477.0
71.0,289.0,553.0
128.0,378.0,438.0
71.0,323.0,471.0
34.0,296.0,433.0
-72.0,250.0,470.0
-67.0,256.0,493.0
-59.0,276.0,689.0

-,-,-
198.0,133.0,585.0
126.0,63.0,492.0
307.0,51.0,458.0
312.0,5.0,423.0
323.0,-63.0,489.0
292.0,-199.0,587.0
143.0,-359.0,918.0
133.0,-419.0,1128.0
-101.0,-444.0,1197.0
-370.0,-629.0,1462.0
-390.0,-479.0,1394.0
-248.0,-503.0,1778.0
-313.0,-470.0,1903.0
-301.0,-405.0,1890.0
-312.0,-427.0,1873.0
-296.0,-403.0,1666.0
-350.0,-339.0,1253.0
-309.0,-243.0,958.0
-271.0,-140.0,812.0
-220.0,18.0,579.0
-139.0,177.0,531.0
-19.0,183.0,627.0
-128.0,127.0,662.0
65.0,316.0,584.0
-24.0,334.0,459.0
-106.0,264.0,524.0

-,-,-
256.0,67.0,1007.0
-59.0,-82.0,1072.0
98.0,10.0,934.0
48.0,-19.0,915.0
140.0,-1.0,826.0
168.0,17.0,612.0
127.0,-47.0,432.0
140.0,24.0,256.0
165.0,34.0,241.0
260.0,-41.0,384.0
242.0,-246.0,611.0
137.0,-347.0,592.0
10.0,-591.0,1021.0
-236.0,-797.0,1849.0
-165.0,-807.0,1389.0
-209.0,-902.0,1665.0
-223.0,-844.0,1509.0
-189.0,-730.0,1324.0
-188.0,-880.0,1606.0
-4.0,-954.0,1739.0
82.0,-979.0,1799.0
53.0,-977.0,1702.0
40.0,-908.0,1546.0
-134.0,-783.0,1152.0
-145.0,-525.0,963.0
-190.0,-296.0,781.0
-142.0,-92.0,688.0
-103.0,77.0,407.0
-25.0,188.0,364.0
-146.0,144.0,320.0
-178.0,115.0,386.0
-200.0,100.0,371.0
-226.0,125.0,390.0
-10.0,285.0,486.0
75.0,315.0,555.0

-,-,-
132.0,86.0,737.0
189.0,93.0,654.0
166.0,58.0,645.0
94.0,-57.0,691.0
123.0,-77.0,698.0
71.0,-190.0,731.0
178.0,-155.0,770.0
193.0,-150.0,810.0
134.0,-317.0,1060.0
118.0,-286.0,1030.0
180.0,-427.0,1397.0
80.0,-519.0,1502.0
66.0,-561.0,1702.0
69.0,-642.0,1933.0
123.0,-677.0,1991.0
68.0,-602.0,1736.0
-81.0,-599.0,1537.0
-102.0,-482.0,1403.0
-185.0,-354.0,1230.0
-281.0,-213.0,1115.0
-344.0,16.0,676.0
-326.0,74.0,663.0
-132.0,165.0,660.0
39.0,257.0,602.0
60.0,256.0,531.0
0.0,267.0,454.0
-72.0,200.0,382.0
-178.0,212.0,331.0
-195.0,162.0,498.0
-135.0,272.0,491.0
26.0,333.0,709.0
50.0,359.0,798.0

-,-,-
378.0,109.0,891.0
281.0,96.0,828.0
227.0,58.0,821.0
285.0,23.0,755.0
237.0,-13.0,646.0
286.0,43.0,452.0
149.0,-14.0,428.0
145.0,-72.0,472.0
219.0,-106.0,541.0
291.0,-139.0,680.0
266.0,-276.0,757.0
164.0,-435.0,857.0
-186.0,-737.0,1268.0
-211.0,-828.0,1592.0
-292.0,-841.0,1763.0
-220.0,-800.0,1917.0
-140.0,-740.0,1819.0
-41.0,-749.0,1794.0
33.0,-740.0,1753.0
145.0,-724.0,1785.0
87.0,-713.0,1584.0
0.0,-617.0,1267.0
-43.0,-396.0,834.0
-25.0,-120.0,553.0
-48.0,26.0,303.0
-225.0,48.0,348.0
-14.0,252.0,168.0
-59.0,245.0,254.0
-163.0,129.0,452.0
-155.0,165.0,480.0
-216.0,140.0,590.0
-154.0,172.0,745.0
-173.0,162.0,881.0

-,-,-
335.0,150.0,564.0
217.0,84.0,668.0
165.0,36.0,622.0
144.0,-51.0,625.0
104.0,-128.0,555.0
17.0,-138.0,542.0
55.0,-101.0,547.0
179.0,-41.0,502.0
265.0,-53.0,766.0
399.0,-187.0,905.0
120.0,-374.0,1085.0
239.0,-609.0,1484.0
23.0,-751.0,1712.0
-58.0,-701.0,1755.0
41.0,-629.0,1812.0
27.0,-628.0,1812.0
120.0,-612.0,1861.0
130.0,-669.0,1822.0
163.0,-654.0,1691.0
145.0,-568.0,1410.0
84.0,-416.0,940.0
-74.0,-255.0,559.0
-111.0,30.0,180.0
129.0,377.0,-47.0
-276.0,2.0,487.0

-,-,-
-159.0,145.0,481.0
-95.0,116.0,547.0
-187.0,141.0,640.0
-132.0,179.0,828.0

-,-,-
122.0,110.0,682.0
170.0,13.0,700.0
81.0,-113.0,747.0
181.0,-91.0,596.0
61.0,-148.0,561.0
107.0,-164.0,602.0
129.0,-265.0,790.0
100.0,-331.0,883.0
12.0,-479.0,1131.0
106.0,-616.0,1267.0
-96.0,-817.0,1524.0
-62.0,-779.0,1550.0
-39.0,-846.0,1781.0
41.0,-806.0,1844.0
45.0,-801.0,1725.0
97.0,-755.0,1578.0
-14.0,-744.0,1386.0
-83.0,-626.0,1211.0
-107.0,-447.0,1035.0
-203.0,-295.0,856.0
-150.0,-62.0,713.0
-202.0,9.0,540.0
-129.0,142.0,494.0
-50.0,230.0,345.0
-146.0,181.0,376.0
-129.0,218.0,398.0
-184.0,187.0,489.0
-157.0,199.0,587.0
-59.0,197.0,740.0

-,-,-
108.0,60.0,657.0
227.0,90.0,613.0
145.0,77.0,552.0
112.0,1.0,476.0
34.0,-104.0,416.0
245.0,-169.0,578.0
-54.0,-375.0,608.0
-11.0,-451.0,656.0
-86.0,-678.0,1027.0
-52.0,-819.0,1358.0
-162.0,-930.0,1521.0
-257.0,-1045.0,1771.0
-252.0,-1021.0,1733.0
-248.0,-1018.0,1771.0
-137.0,-931.0,1602.0
-87.0,-907.0,1522.0
-119.0,-805.0,1353.0
-82.0,-595.0,1080.0
-124.0,-389.0,958.0
-153.0,-182.0,787.0
-233.0,7.0,425.0
-85.0,44.0,473.0
-41.0,136.0,415.0
-39.0,121.0,366.0
-134.0,40.0,390.0
-223.0,52.0,382.0
-105.0,45.0,596.0

-,-,-
344.0,206.0,508.0
234.0,65.0,505.0
252.0,-36.0,472.0
175.0,-204.0,518.0
266.0,-246.0,671.0
150.0,-285.0,590.0
158.0,-379.0,645.0
-21.0,-564.0,270.0
-197.0,-781.0,1065.0
-423.0,-939.0,1272.0
-519.0,-993.0,1550.0
-563.0,-948.0,1741.0
-388.0,-868.0,1846.0
-345.0,-850.0,1779.0
-211.0,-821.0,1684.0
-247.0,-883.0,1598.0
-271.0,-811.0,1391.0
-274.0,-627.0,1107.0
-284.0,-449.0,726.0
-214.0,-196.0,639.0
-165.0,31.0,457.0
-218.0,83.0,415.0
-1.0,267.0,434.0
-6.0,275.0,497.0
-7.0,201.0,580.0
-42.0,185.0,520.0
-56.0,148.0,622.0
-64.0,180.0,630.0
-39.0,218.0,657.0

-,-,-
217.0,79.0,694.0
292.0,104.0,627.0
142.0,-2.0,602.0
121.0,-52.0,528.0
102.0,-42.0,485.0
153.0,-61.0,539.0
231.0,-107.0,609.0
211.0,-220.0,726.0
174.0,-260.0,824.0
108.0,-424.0,924.0
-164.0,-642.0,1375.0
-279.0,-750.0,1681.0
-322.0,-713.0,1816.0
-262.0,-792.0,1999.0
-133.0,-750.0,1984.0
1.0,-705.0,1851.0
73.0,-659.0,1653.0
-62.0,-552.0,1328.0
-236.0,-411.0,1083.0
-215.0,-172.0,824.0
-185.0,28.0,609.0
-156.0,51.0,433.0
91.0,197.0,345.0
-51.0,130.0,397.0
50.0,324.0,228.0
-92.0,182.0,450.0
-67.0,195.0,498.0
-125.0,160.0,709.0
-32.0,213.0,922.0

-,-,-
229.0,12.0,486.0
120.0,-93.0,473.0
48.0,-180.0,465.0
47.0,-246.0,582.0
148.0,-179.0,562.0
299.0,-205.0,697.0
214.0,-287.0,837.0
113.0,-270.0,962.0
15.0,-557.0,1443.0
-123.0,-778.0,1822.0
-103.0,-869.0,1999.0
-36.0,-833.0,1999.0
77.0,-755.0,1929.0
121.0,-674.0,1613.0
110.0,-636.0,1448.0
121.0,-553.0,1316.0
-9.0,-401.0,1189.0
-101.0,-226.0,968.0
-215.0,7.0,520.0
-271.0,-45.0,571.0
-180.0,8.0,464.0
-162.0,5.0,549.0
-143.0,48.0,515.0
-115.0,106.0,452.0
-133.0,166.0,421.0
-55.0,259.0,454.0
-62.0,271.0,525.0
-196.0,182.0,700.0

-,-,-
390.0,178.0,550.0
346.0,2.0,694.0
340.0,4.0,574.0
215.0,-57.0,626.0
144.0,-64.0,516.0
46.0,-170.0,522.0
36.0,-191.0,558.0
21.0,-324.0,811.0
129.0,-418.0,982.0
85.0,-533.0,1152.0
-16.0,-624.0,1501.0
-211.0,-685.0,1752.0
-378.0,-790.0,1999.0
-407.0,-718.0,1999.0
-313.0,-642.0,1872.0
-186.0,-587.0,1635.0
-104.0,-485.0,1430.0
-137.0,-428.0,1270.0
-167.0,-271.0,917.0
-151.0,-142.0,785.0
-135.0,23.0,633.0
-27.0,130.0,508.0
-101.0,68.0,491.0
-147.0,164.0,316.0
-243.0,109.0,427.0
-189.0,189.0,360.0
-174.0,200.0,499.0
-80.0,237.0,647.0
-61.0,289.0,777.0
-117.0,243.0,956.0

-,-,-
383.0,233.0,599.0
394.0,124.0,639.0
366.0,124.0,499.0
289.0,26.0,433.0
263.0,-61.0,562.0
45.0,-208.0,587.0
28.0,-276.0,655.0
-23.0,-350.0,742.0
-79.0,-367.0,789.0
-200.0,-462.0,1153.0
-242.0,-445.0,1409.0
-352.0,-478.0,1462.0
-424.0,-597.0,1769.0
-492.0,-677.0,1999.0
-471.0,-669.0,1914.0
-422.0,-633.0,1669.0
-339.0,-625.0,1605.0
-198.0,-604.0,1712.0
-124.0,-536.0,1524.0
-249.0,-355.0,992.0
-276.0,-142.0,515.0
-198.0,30.0,409.0
-180.0,128.0,385.0
-8.0,258.0,396.0
-19.0,288.0,422.0
-106.0,315.0,275.0
-234.0,259.0,272.0
-271.0,176.0,431.0
-226.0,157.0,675.0

-,-,-
194.0,59.0,456.0
75.0,24.0,456.0
118.0,-5.0,558.0
143.0,-32.0,538.0
166.0,-22.0,590.0
136.0,5.0,556.0
155.0,-12.0,587.0
90.0,-16.0,796.0
-150.0,-132.0,785.0
-259.0,-261.0,1249.0
-337.0,-256.0,1139.0
-529.0,-404.0,1749.0
-649.0,-525.0,1997.0
-595.0,-478.0,1999.0
-500.0,-501.0,1957.0
-330.0,-502.0,1865.0
-282.0,-487.0,1738.0
-344.0,-465.0,1520.0
-299.0,-269.0,1068.0
-199.0,-160.0,871.0
-253.0,15.0,438.0
-214.0,90.0,366.0
-8.0,237.0,323.0
83.0,381.0,233.0
-11.0,346.0,226.0
-127.0,276.0,274.0
-139.0,293.0,350.0
-101.0,329.0,518.0

-,-,-
219.0,107.0,600.0
247.0,137.0,544.0
82.0,-5.0,508.0
49.0,-16.0,400.0
22.0,-21.0,371.0
110.0,-62.0,459.0
90.0,-198.0,761.0
104.0,-300.0,969.0
81.0,-377.0,1150.0
-88.0,-532.0,1604.0
-299.0,-749.0,1999.0
-298.0,-690.0,1999.0
-219.0,-644.0,1999.0
-95.0,-584.0,1913.0
-50.0,-566.0,1696.0
-5.0,-446.0,1501.0
-87.0,-390.0,1399.0
-164.0,-226.0,1058.0
-198.0,-81.0,969.0
-185.0,36.0,601.0
-41.0,140.0,458.0
-30.0,129.0,329.0
-85.0,184.0,137.0
-136.0,166.0,119.0
43.0,244.0,209.0

-,-,-
375.0,225.0,596.0
400.0,201.0,545.0
333.0,20.0,591.0
290.0,-57.0,577.0
176.0,-118.0,592.0
155.0,-145.0,611.0
166.0,-219.0,848.0
69.0,-184.0,859.0
-29.0,-255.0,1029.0
-179.0,-393.0,912.0
-463.0,-428.0,1630.0
-596.0,-498.0,1999.0
-545.0,-504.0,1999.0
-402.0,-461.0,1999.0
-333.0,-475.0,1853.0
-205.0,-439.0,1572.0
-163.0,-358.0,1176.0
-163.0,-222.0,921.0
-84.0,-127.0,769.0
-97.0,108.0,464.0
-114.0,237.0,337.0
19.0,388.0,315.0
54.0,443.0,311.0
-124.0,330.0,477.0
-214.0,286.0,434.0
-290.0,197.0,609.0
-237.0,250.0,775.0

-,-,-
-309.0,-81.0,830.0
-300.0,-61.0,628.0
-200.0,-19.0,529.0
-168.0,-7.0,433.0
-68.0,-46.0,286.0
-70.0,-4.0,342.0
-165.0,61.0,444.0
-397.0,224.0,612.0
-409.0,312.0,689.0
-525.0,540.0,1081.0
-447.0,671.0,1312.0
-494.0,729.0,1677.0
-703.0,715.0,1859.0
-926.0,776.0,1999.0
-967.0,798.0,1999.0
-907.0,701.0,1802.0
-808.0,681.0,1618.0
-404.0,665.0,1391.0
-94.0,483.0,1072.0
165.0,300.0,764.0
102.0,-83.0,247.0
-30.0,-226.0,118.0
103.0,-302.0,86.0
115.0,-393.0,-235.0
227.0,-159.0,131.0
157.0,-226.0,351.0
-112.0,-66.0,700.0

-,-,-
-267.0,-13.0,955.0
-268.0,0.0,866.0
-249.0,14.0,811.0
-230.0,31.0,659.0
-219.0,79.0,515.0
-232.0,-1.0,328.0
-170.0,73.0,388.0
-187.0,189.0,483.0
-252.0,162.0,534.0
-292.0,330.0,732.0
-410.0,425.0,884.0
-545.0,653.0,1226.0
-616.0,847.0,1476.0
-515.0,842.0,1536.0
-495.0,751.0,1477.0
-500.0,748.0,1526.0
-603.0,714.0,1586.0
-623.0,659.0,1613.0
-591.0,706.0,1600.0
-400.0,608.0,1342.0
-193.0,483.0,1040.0
0.0,221.0,727.0
-5.0,-21.0,475.0
-80.0,-152.0,382.0
-118.0,-176.0,348.0
-29.0,-201.0,195.0
63.0,-151.0,195.0
83.0,2.0,485.0

-,-,-
-450.0,42.0,690.0
-472.0,43.0,667.0
-350.0,50.0,584.0
-253.0,122.0,475.0
-136.0,143.0,400.0
-228.0,48.0,412.0
-343.0,139.0,504.0
-296.0,196.0,597.0
-408.0,247.0,748.0
-317.0,457.0,1000.0
-211.0,666.0,1329.0
-218.0,833.0,1768.0
-402.0,870.0,1979.0
-570.0,856.0,1999.0
-652.0,817.0,1922.0
-620.0,689.0,1610.0
-465.0,593.0,1357.0
-262.0,522.0,1178.0
-91.0,375.0,951.0
2.0,164.0,713.0
-51.0,-101.0,441.0
-89.0,-223.0,364.0
-104.0,-157.0,403.0
-31.0,-87.0,367.0
83.0,-114.0,320.0
50.0,-39.0,512.0

-,-,-
-418.0,-30.0,513.0
-447.0,26.0,465.0
-315.0,167.0,462.0
-244.0,283.0,579.0
-261.0,278.0,607.0
-259.0,285.0,608.0
-277.0,293.0,723.0
-406.0,295.0,883.0
-454.0,384.0,1124.0
-361.0,521.0,1463.0
-383.0,666.0,1777.0
-397.0,796.0,1999.0
-443.0,729.0,1987.0
-458.0,661.0,1795.0
-408.0,557.0,1495.0
-337.0,438.0,1309.0
-217.0,324.0,1033.0
-113.0,104.0,725.0
-52.0,-59.0,503.0
0.0,-49.0,481.0
8.0,-36.0,505.0
7.0,-97.0,435.0
-51.0,-82.0,470.0
-10.0,-131.0,489.0
-136.0,-155.0,562.0
-150.0,-129.0,709.0

-,-,-
-346.0,-53.0,553.0
-323.0,-37.0,536.0
-273.0,22.0,500.0
-291.0,55.0,538.0
-270.0,17.0,467.0
-280.0,142.0,603.0
-349.0,174.0,721.0
-392.0,217.0,829.0
-499.0,406.0,1049.0
-445.0,509.0,1206.0
-457.0,595.0,1372.0
-467.0,656.0,1487.0
-537.0,750.0,1608.0
-587.0,729.0,1569.0
-687.0,650.0,1508.0
-624.0,560.0,1315.0
-517.0,430.0,1178.0
-419.0,263.0,1000.0
-267.0,72.0,841.0
-118.0,-69.0,613.0
-175.0,-106.0,593.0
-114.0,-150.0,535.0
-103.0,-121.0,520.0
-166.0,-80.0,534.0
-58.0,-46.0,542.0
-50.0,36.0,650.0
-99.0,36.0,750.0

-,-,-
-248.0,-105.0,774.0
-315.0,-79.0,676.0
-227.0,-82.0,686.0
-217.0,-41.0,576.0
-183.0,7.0,492.0
-150.0,3.0,476.0
-228.0,93.0,495.0
-279.0,162.0,650.0
-309.0,260.0,787.0
-181.0,409.0,889.0
-290.0,652.0,1325.0
-323.0,782.0,1567.0
-341.0,802.0,1699.0
-327.0,747.0,1704.0
-366.0,724.0,1717.0
-398.0,694.0,1593.0
-376.0,611.0,1466.0
-363.0,552.0,1317.0
-362.0,481.0,1218.0
-351.0,347.0,1135.0
-359.0,300.0,1019.0
-253.0,-149.0,529.0
59.0,-212.0,305.0
138.0,-4.0,325.0
140.0,13.0,346.0
177.0,67.0,467.0
46.0,29.0,602.0
-44.0,22.0,717.0
-130.0,-14.0,833.0
-258.0,-21.0,958.0

-,-,-
-368.0,-43.0,652.0
-298.0,-19.0,553.0
-297.0,34.0,459.0
-303.0,31.0,429.0
-243.0,113.0,465.0
-308.0,164.0,564.0
-285.0,232.0,712.0
-237.0,205.0,777.0
-148.0,435.0,907.0
-111.0,496.0,1268.0
-154.0,578.0,1365.0
-107.0,625.0,1673.0
-250.0,587.0,1853.0
-283.0,612.0,1886.0
-294.0,593.0,1774.0
-397.0,560.0,1694.0
-419.0,445.0,1609.0
-337.0,434.0,1391.0
-118.0,287.0,1083.0
-47.0,95.0,730.0
73.0,-19.0,481.0
143.0,-19.0,380.0
148.0,-128.0,275.0
104.0,-121.0,345.0
86.0,-108.0,470.0
27.0,-177.0,500.0
-64.0,-93.0,729.0

-,-,-
-269.0,-26.0,398.0
-103.0,-65.0,172.0
-153.0,-44.0,270.0
-202.0,147.0,546.0
-193.0,143.0,826.0
-234.0,343.0,980.0
-143.0,389.0,1236.0
-208.0,572.0,1581.0
-96.0,603.0,1675.0
-267.0,486.0,1795.0
-401.0,469.0,1811.0
-475.0,466.0,1816.0
-444.0,440.0,1664.0
-403.0,392.0,1601.0
-281.0,389.0,1460.0
-159.0,321.0,1259.0
16.0,169.0,915.0
37.0,-28.0,666.0
56.0,-40.0,471.0
-34.0,-159.0,363.0
-85.0,-128.0,395.0
-7.0,58.0,465.0
63.0,21.0,409.0
39.0,-72.0,520.0
-4.0,35.0,717.0

-,-,-
-311.0,52.0,822.0
-268.0,34.0,740.0
-279.0,-17.0,649.0
-293.0,9.0,562.0
-196.0,11.0,489.0
-35.0,115.0,452.0
-112.0,173.0,548.0
-118.0,133.0,534.0
-140.0,233.0,662.0
-248.0,314.0,837.0
-311.0,436.0,958.0
-213.0,614.0,1205.0
-177.0,826.0,1409.0
-107.0,941.0,1706.0
-70.0,1028.0,1885.0
-153.0,983.0,1893.0
-388.0,891.0,1786.0
-440.0,766.0,1398.0
-328.0,653.0,1275.0
-333.0,546.0,1222.0
-297.0,427.0,1074.0
-96.0,223.0,724.0
0.0,8.0,492.0
20.0,40.0,419.0
17.0,-45.0,379.0
65.0,-30.0,267.0
189.0,-41.0,334.0
149.0,-141.0,399.0
155.0,-66.0,541.0
5.0,-35.0,798.0

-,-,-
-237.0,-126.0,770.0
-279.0,-19.0,691.0
-293.0,-52.0,726.0
-271.0,22.0,659.0
-173.0,20.0,625.0
-131.0,47.0,587.0
-193.0,173.0,566.0
-108.0,19.0,614.0
-85.0,60.0,686.0
-41.0,123.0,700.0
-165.0,306.0,917.0
-272.0,421.0,1060.0
-217.0,542.0,1213.0
-363.0,691.0,1453.0
-288.0,702.0,1489.0
-509.0,840.0,1823.0
-672.0,837.0,1842.0
-691.0,805.0,1711.0
-492.0,694.0,1448.0
-292.0,515.0,1193.0
-204.0,240.0,1023.0
-132.0,72.0,902.0
-162.0,-44.0,752.0
-107.0,-7.0,665.0
-74.0,30.0,562.0
8.0,69.0,515.0
145.0,179.0,564.0
132.0,31.0,518.0
86.0,-17.0,537.0
43.0,-84.0,576.0
-107.0,-176.0,704.0

-,-,-
-337.0,-20.0,666.0
-310.0,-8.0,736.0
-317.0,-28.0,700.0
-288.0,14.0,642.0
-137.0,41.0,521.0
-22.0,52.0,486.0
35.0,0.0,452.0
-98.0,71.0,596.0
-108.0,83.0,709.0
-145.0,203.0,899.0
-225.0,312.0,1032.0
-343.0,429.0,1166.0
-312.0,494.0,1382.0
-216.0,654.0,1463.0
-147.0,707.0,1541.0
-175.0,560.0,1579.0
-248.0,664.0,1745.0
-412.0,604.0,1769.0
-315.0,498.0,1659.0
-201.0,451.0,1491.0
-150.0,411.0,1240.0
-62.0,309.0,1017.0
-56.0,106.0,677.0
81.0,-132.0,310.0
96.0,-91.0,317.0
73.0,-40.0,371.0
169.0,6.0,443.0
117.0,-56.0,438.0
58.0,-17.0,619.0
100.0,-52.0,744.0
72.0,-67.0,904.0

-,-,-
-498.0,42.0,892.0
-495.0,37.0,844.0
-398.0,67.0,822.0
-320.0,48.0,771.0
-248.0,38.0,681.0
-255.0,64.0,612.0
-303.0,52.0,509.0
-236.0,-19.0,406.0
-177.0,-33.0,361.0
-232.0,17.0,515.0
-211.0,176.0,651.0
-207.0,290.0,842.0
-231.0,402.0,1093.0
-142.0,698.0,1405.0
-142.0,812.0,1867.0
-219.0,742.0,1999.0
-410.0,668.0,1999.0
-452.0,591.0,1815.0
-334.0,500.0,1467.0
-245.0,459.0,1291.0
-221.0,423.0,1164.0
-103.0,271.0,950.0
28.0,157.0,819.0
35.0,-49.0,573.0
-3.0,-155.0,440.0
72.0,-23.0,485.0
4.0,-93.0,494.0
-24.0,-66.0,533.0
27.0,-47.0,510.0
-47.0,-98.0,673.0
-70.0,-159.0,713.0

-,-,-
-290.0,-4.0,731.0
-256.0,-38.0,711.0
-231.0,-44.0,657.0
-180.0,-23.0,628.0
-225.0,32.0,550.0
-231.0,69.0,523.0
-248.0,78.0,510.0
-153.0,21.0,509.0
-123.0,66.0,656.0
-207.0,274.0,1034.0
-156.0,465.0,1255.0
-241.0,732.0,1734.0
-342.0,713.0,1873.0
-462.0,731.0,1947.0
-519.0,734.0,1858.0
-473.0,621.0,1504.0
-397.0,500.0,1247.0
-380.0,437.0,1109.0
-338.0,382.0,1081.0
-132.0,294.0,993.0
-6.0,126.0,867.0
-40.0,6.0,769.0
-8.0,4.0,575.0
92.0,-11.0,438.0
81.0,-18.0,392.0
62.0,-57.0,403.0
38.0,-131.0,428.0

-,-,-
-399.0,-30.0,627.0
-372.0,0.0,698.0
-308.0,-30.0,601.0
-166.0,-80.0,415.0
-177.0,19.0,422.0
-239.0,45.0,435.0
-191.0,128.0,518.0
-291.0,331.0,737.0
-310.0,416.0,926.0
-214.0,655.0,1202.0
-196.0,707.0,1415.0
-354.0,720.0,1694.0
-429.0,704.0,1846.0
-573.0,709.0,1897.0
-618.0,634.0,1745.0
-495.0,563.0,1495.0
-355.0,511.0,1338.0
-165.0,434.0,1202.0
-31.0,262.0,980.0
-15.0,157.0,843.0
3.0,-18.0,670.0
-48.0,-62.0,475.0
-105.0,10.0,519.0
-65.0,-98.0,383.0
70.0,-150.0,295.0
0.0,-136.0,401.0

-,-,-
-468.0,-46.0,641.0
-439.0,-74.0,563.0
-425.0,38.0,582.0
-325.0,56.0,462.0
-268.0,19.0,419.0
-278.0,78.0,587.0
-291.0,96.0,659.0
-375.0,228.0,864.0
-315.0,256.0,982.0
-198.0,353.0,1078.0
-87.0,375.0,1281.0
-131.0,439.0,1420.0
-87.0,496.0,1554.0
-85.0,447.0,1617.0
-118.0,428.0,1672.0
-120.0,421.0,1634.0
-169.0,415.0,1624.0
-187.0,328.0,1490.0
-215.0,244.0,1296.0
-190.0,184.0,1055.0
-96.0,162.0,917.0
-88.0,143.0,715.0
-16.0,35.0,553.0
-50.0,-48.0,431.0
53.0,-100.0,348.0
60.0,-122.0,400.0
-56.0,-147.0,492.0
13.0,-152.0,513.0

-,-,-
-241.0,71.0,579.0
-210.0,19.0,492.0
-214.0,88.0,539.0
-303.0,126.0,586.0
-214.0,159.0,575.0
-255.0,205.0,729.0
-264.0,283.0,915.0
-248.0,385.0,1104.0
-119.0,500.0,1397.0
-83.0,664.0,1797.0
-143.0,702.0,1998.0
-243.0,673.0,1999.0
-290.0,618.0,1830.0
-168.0,444.0,1469.0
-208.0,364.0,1337.0
-229.0,226.0,1188.0
-195.0,108.0,936.0
-76.0,15.0,697.0
-9.0,-78.0,531.0
-77.0,-173.0,489.0
-98.0,-152.0,486.0
-103.0,-135.0,545.0
-79.0,-142.0,465.0
-54.0,-129.0,508.0

-,-,-
-401.0,-37.0,637.0
-361.0,-18.0,655.0
-233.0,-8.0,553.0
-154.0,-20.0,465.0
-208.0,1.0,537.0
-319.0,89.0,684.0
-359.0,94.0,761.0
-294.0,65.0,778.0
-383.0,296.0,1093.0
-388.0,389.0,1374.0
-246.0,529.0,1545.0
-387.0,496.0,1729.0
-458.0,521.0,1857.0
-487.0,539.0,1819.0
-631.0,563.0,1839.0
-461.0,476.0,1536.0
-203.0,297.0,1232.0
-95.0,181.0,995.0
-111.0,94.0,799.0
-122.0,39.0,635.0
-50.0,29.0,503.0
15.0,-67.0,311.0
14.0,-160.0,203.0

-,-,-
-441.0,-20.0,867.0
-364.0,-99.0,676.0
-342.0,-68.0,573.0
-341.0,-56.0,403.0
-327.0,-11.0,355.0
-346.0,3.0,349.0
-443.0,68.0,507.0
-420.0,148.0,634.0
-242.0,309.0,926.0
-104.0,415.0,1149.0
-96.0,600.0,1509.0
-137.0,574.0,1687.0
-268.0,572.0,1776.0
-322.0,523.0,1838.0
-299.0,512.0,1804.0
-312.0,520.0,1733.0
-258.0,443.0,1593.0
-139.0,437.0,1365.0
-162.0,285.0,1145.0
-104.0,215.0,865.0
41.0,-5.0,447.0
17.0,-101.0,452.0
-41.0,-44.0,476.0
-51.0,-151.0,363.0
-58.0,-175.0,446.0
28.0,-136.0,449.0
-53.0,-180.0,588.0

-,-,-
-400.0,-85.0,706.0
-373.0,-115.0,634.0
-386.0,-152.0,579.0
-374.0,-47.0,507.0
-310.0,7.0,460.0
-284.0,32.0,470.0
-290.0,92.0,537.0
-339.0,139.0,691.0
-267.0,162.0,777.0
-213.0,165.0,894.0
-185.0,196.0,1096.0
-100.0,248.0,1166.0
-73.0,368.0,1398.0
-120.0,536.0,1712.0
-126.0,526.0,1736.0
-222.0,585.0,1799.0
-277.0,660.0,1814.0
-392.0,586.0,1626.0
-414.0,453.0,1409.0
-386.0,386.0,1218.0
-247.0,222.0,1001.0
-6.0,76.0,808.0
80.0,-41.0,671.0
-5.0,-217.0,516.0
25.0,-187.0,441.0
36.0,-236.0,350.0
45.0,-213.0,395.0
81.0,-253.0,428.0
88.0,-275.0,541.0

-,-,-
-232.0,-293.0,387.0
-346.0,-31.0,616.0
-405.0,-90.0,553.0
-237.0,-55.0,393.0
-161.0,-76.0,338.0
-64.0,-56.0,465.0
-108.0,-17.0,645.0
-421.0,-106.0,813.0
-440.0,-1.0,1048.0
-269.0,165.0,1107.0
-306.0,231.0,1374.0
-311.0,456.0,1562.0
-250.0,419.0,1528.0
-233.0,356.0,1557.0
-216.0,520.0,1718.0
-176.0,526.0,1693.0
-321.0,516.0,1667.0
-380.0,458.0,1567.0
-292.0,260.0,1296.0
-235.0,139.0,1080.0
-249.0,-89.0,889.0
-123.0,-116.0,695.0
-3.0,-99.0,604.0
49.0,-145.0,441.0
101.0,-164.0,332.0
136.0,-85.0,302.0
100.0,-128.0,360.0

-,-,-
-194.0,81.0,669.0
-200.0,49.0,715.0
-10.0,235.0,800.0
-107.0,426.0,923.0
-250.0,528.0,1053.0
-126.0,717.0,1176.0
-331.0,729.0,1308.0
-356.0,734.0,1388.0
-524.0,780.0,1573.0
-579.0,734.0,1637.0
-574.0,751.0,1656.0
-417.0,683.0,1480.0
-279.0,549.0,1259.0
-135.0,519.0,1145.0
-84.0,298.0,938.0
-78.0,113.0,804.0
-14.0,12.0,736.0
-115.0,-185.0,665.0
-62.0,-141.0,621.0
-11.0,-203.0,500.0
56.0,-175.0,389.0
150.0,-50.0,419.0
143.0,-28.0,485.0

-,-,-
-250.0,-134.0,592.0
-196.0,-96.0,521.0
-127.0,-26.0,505.0
-90.0,58.0,569.0
-52.0,104.0,638.0
-72.0,118.0,684.0
-97.0,169.0,717.0
-140.0,232.0,812.0
-33.0,340.0,875.0
-135.0,421.0,1016.0
-186.0,556.0,1147.0
-292.0,783.0,1457.0
-493.0,865.0,1681.0
-723.0,896.0,1879.0
-766.0,854.0,1815.0
-557.0,757.0,1563.0
-313.0,714.0,1347.0
-136.0,613.0,1193.0
41.0,490.0,1008.0
62.0,232.0,810.0
156.0,202.0,747.0
118.0,99.0,715.0
12.0,16.0,659.0
41.0,-15.0,608.0
61.0,-145.0,479.0
100.0,-136.0,483.0
85.0,-175.0,500.0
44.0,-181.0,591.0
8.0,-201.0,697.0
-10.0,-114.0,835.0

-,-,-
-214.0,0.0,536.0
-244.0,65.0,612.0
-269.0,121.0,662.0
-255.0,201.0,737.0
-247.0,370.0,834.0
-166.0,373.0,864.0
-112.0,364.0,869.0
-66.0,516.0,984.0
0.0,438.0,894.0
-105.0,555.0,1114.0
-199.0,609.0,1360.0
-267.0,701.0,1645.0
-373.0,872.0,1999.0
-585.0,835.0,1999.0
-516.0,875.0,1884.0
-268.0,672.0,1395.0
-151.0,508.0,1136.0
-21.0,392.0,923.0
75.0,182.0,716.0
77.0,121.0,657.0
98.0,113.0,609.0
34.0,-35.0,482.0
7.0,-53.0,488.0
95.0,-70.0,395.0
114.0,-77.0,427.0
27.0,-94.0,574.0

-,-,-
-439.0,-50.0,558.0
-446.0,0.0,553.0
-386.0,38.0,505.0
-328.0,75.0,488.0
-241.0,163.0,457.0
-187.0,149.0,493.0
-401.0,180.0,627.0
-429.0,246.0,701.0
-208.0,175.0,623.0
-240.0,368.0,823.0
-299.0,623.0,1157.0
-393.0,658.0,1371.0
-273.0,796.0,1527.0
-347.0,858.0,1801.0
-468.0,913.0,1896.0
-502.0,847.0,1824.0
-481.0,799.0,1629.0
-439.0,701.0,1402.0
-327.0,544.0,1136.0
-88.0,451.0,909.0
8.0,301.0,758.0
110.0,180.0,590.0
135.0,71.0,514.0
21.0,9.0,467.0
81.0,-67.0,476.0
58.0,-136.0,449.0
21.0,-161.0,499.0
-68.0,-195.0,560.0

-,-,-
-405.0,-120.0,605.0
-415.0,-39.0,610.0
-413.0,-62.0,525.0
-377.0,-45.0,512.0
-237.0,25.0,433.0
-104.0,34.0,390.0
-157.0,115.0,481.0
-378.0,144.0,673.0
-284.0,296.0,792.0
-265.0,458.0,965.0
-95.0,518.0,1030.0
38.0,719.0,1302.0
187.0,772.0,1422.0
144.0,821.0,1701.0
32.0,813.0,1842.0
-236.0,804.0,1878.0
-387.0,767.0,1736.0
-413.0,707.0,1519.0
-330.0,628.0,1299.0
-221.0,500.0,1115.0
-91.0,367.0,974.0
64.0,186.0,813.0
107.0,55.0,694.0
140.0,-55.0,500.0
191.0,-134.0,395.0
160.0,-167.0,353.0

-,-,-
-458.0,-104.0,520.0
-380.0,-46.0,468.0
-364.0,42.0,494.0
-248.0,59.0,462.0
-115.0,193.0,511.0
-81.0,212.0,579.0
-200.0,299.0,678.0
-297.0,330.0,800.0
-326.0,335.0,892.0
-389.0,422.0,1069.0
-311.0,573.0,1238.0
-214.0,556.0,1403.0
-297.0,842.0,1744.0
-563.0,904.0,1919.0
-715.0,850.0,1839.0
-639.0,737.0,1502.0
-527.0,647.0,1237.0
-408.0,570.0,1114.0
-244.0,461.0,1057.0
-52.0,354.0,916.0
70.0,303.0,830.0
33.0,168.0,792.0
29.0,75.0,678.0
29.0,-65.0,552.0
105.0,-74.0,503.0
118.0,-180.0,423.0
101.0,-138.0,483.0
58.0,-176.0,512.0

-,-,-
-511.0,62.0,730.0
-486.0,67.0,647.0
-454.0,69.0,542.0
-452.0,49.0,458.0
-415.0,39.0,504.0
-253.0,56.0,488.0
-203.0,124.0,574.0
-340.0,67.0,668.0
-107.0,-84.0,585.0
-135.0,368.0,1002.0
-170.0,619.0,1261.0
-43.0,706.0,1362.0
-28.0,727.0,1441.0
-95.0,636.0,1454.0
-85.0,651.0,1522.0
-146.0,733.0,1665.0
-266.0,797.0,1763.0
-329.0,748.0,1708.0
-243.0,665.0,1495.0
-181.0,556.0,1250.0
-204.0,379.0,1045.0
-94.0,255.0,841.0
-59.0,129.0,764.0
-23.0,50.0,666.0
-16.0,-43.0,576.0
22.0,-73.0,516.0
-23.0,-155.0,444.0
-29.0,-140.0,451.0
-17.0,-202.0,429.0

-,-,-
-504.0,19.0,675.0
-462.0,54.0,555.0
-400.0,31.0,459.0
-314.0,68.0,462.0
-207.0,205.0,526.0
-279.0,227.0,598.0
-242.0,232.0,635.0
-317.0,240.0,744.0
-418.0,293.0,897.0
-440.0,332.0,991.0
-369.0,522.0,1238.0
-339.0,615.0,1423.0
-297.0,695.0,1565.0
-385.0,783.0,1670.0
-556.0,735.0,1661.0
-671.0,721.0,1496.0
-606.0,645.0,1307.0
-565.0,592.0,1216.0
-568.0,492.0,1120.0
-426.0,399.0,979.0
-262.0,262.0,881.0
-166.0,84.0,738.0
-134.0,-62.0,655.0
-121.0,-71.0,625.0
-20.0,-65.0,561.0
0.0,-169.0,489.0

-,-,-
-527.0,-71.0,647.0
-496.0,-35.0,545.0
-428.0,-2.0,475.0
-324.0,-15.0,452.0
-312.0,119.0,598.0
-250.0,205.0,638.0
-174.0,207.0,644.0
-188.0,242.0,710.0
-248.0,269.0,818.0
-333.0,344.0,969.0
-360.0,434.0,1101.0
-264.0,418.0,1157.0
-156.0,499.0,1305.0
-128.0,679.0,1555.0
-178.0,760.0,1758.0
-300.0,797.0,1842.0
-328.0,769.0,1734.0
-304.0,718.0,1514.0
-329.0,670.0,1376.0
-413.0,507.0,1228.0
-272.0,401.0,1016.0
-141.0,152.0,838.0
14.0,55.0,664.0
125.0,-19.0,548.0
70.0,-71.0,505.0
170.0,-23.0,446.0
179.0,-101.0,346.0

-,-,-
-195.0,98.0,995.0
-154.0,103.0,911.0
-207.0,77.0,854.0
-226.0,45.0,706.0
-219.0,0.0,541.0
-229.0,-13.0,428.0
-335.0,29.0,435.0
-259.0,110.0,484.0
-301.0,161.0,439.0
-328.0,243.0,622.0
-283.0,453.0,705.0
-272.0,565.0,779.0
-258.0,571.0,987.0
-315.0,941.0,1265.0
-454.0,1063.0,1492.0
-534.0,1076.0,1621.0
-510.0,1066.0,1574.0
-479.0,996.0,1487.0
-492.0,892.0,1379.0
-395.0,772.0,1245.0
-250.0,674.0,1124.0
-89.0,602.0,1017.0
2.0,469.0,851.0
32.0,215.0,683.0
39.0,-26.0,444.0
87.0,-129.0,341.0
47.0,-229.0,313.0
28.0,-234.0,310.0
4.0,-25.0,571.0
-66.0,-78.0,592.0
-96.0,4.0,739.0
-141.0,0.0,824.0

-,-,-
